463.36 340.414 503.607 321.714 1
503.607 321.714 464.929 342.202 1
464.929 342.202 435.761 362.646 1
435.761 362.646 404.699 379.006 1
404.699 379.006 445.915 367.936 1
445.915 367.936 479.341 369.628 1
479.341 369.628 514.49 358.569 1
514.49 358.569 536.627 378.971 1
536.627 378.971 567.619 378.918 1
567.619 378.918 597.637 384.167 1
597.637 384.167 627.957 386.983 1
627.957 386.983 659.265 387.594 1
659.265 387.594 691.782 381.031 1
691.782 381.031 668.832 414.154 1
668.832 414.154 700.255 404.357 1
700.255 404.357 730.265 404.478 1
730.265 404.478 758.301 419.907 1
758.301 419.907 789.554 420.474 1
789.554 420.474 759.908 437.914 1
759.908 437.914 805.942 425.392 1
805.942 425.392 771.551 453.03 1
771.551 453.03 804.544 438.703 1
804.544 438.703 769.898 469.411 1
769.898 469.411 805.888 458.593 1
805.888 458.593 834.718 445.208 1
834.718 445.208 813.993 468.701 1
813.993 468.701 786.68 498.539 1
786.68 498.539 815.902 486.196 1
815.902 486.196 787.372 502.616 1
787.372 502.616 758.848 518.207 1
758.848 518.207 726.026 539.719 1
540.796 642.673 507.947 635.975 2
507.947 635.975 475.449 625.015 2
475.449 625.015 446.463 615.485 2
446.463 615.485 416.532 600.942 2
416.532 600.942 378.413 592.891 2
597.483 372.116 625.486 347.838 6