28
31
119
141
142
147
171
233
271
289
304
382
404
423
513
523
629
660
735
782
818
856
897
971
988
993
1000
1003
1044
1096
1097
1100
1108
1120
1249
1281
1300
1322
1560
1644
1657
1660
1682
1683
1724
1785
1797
1823
1898
1985
2044
2072
2101
2811
2814
2819
2826
2892
2926
2927
2984
3021
3142
3223
3251
3291
3335
3394
3501
3509
3637
3724
3799
3814
3845
3888
3904
3953
3983
3986
4030
4032
4147
4149
4167
4179
4195
4197
4206
4208
4210
4223
4225
4230
4231
4235
4242
4261
4262
4266
4267
4268
4271
4272
4281
4286
4294
4308
4317
4318
4321
4327
4331
4343
4344
4346
4349
4351
4353
4360
4423
4501
4537
4551
4581
4652
4653
4662
4665
4674
4675
4681
4685
4691
4694
4695
4699
4704
4716
4721
4722
4724
4727
4736
4739
4741
4744
4746
4753
4754
4759
4767
4769
4774
4776
4792
4797
4816
4818
4828
4842
4855
4867
4871
4877
4891
4895
4910
4911
4922
4934
4942
4945
4952
4954
4957
4967
4988
4996
5000
5003
5006
5011
5017
5029
5035
5041
5047
5055
5057
5063
5067
5074
5077
5083
5084
5093
5099
5102
5104
5111
5115
5116
5124
5131
5132
5138
5141
5154
5159
5160
5161
5163
5164
5166
5168
5177
5180
5182
5183
5186
5190
5192
5195
5197
5199
5201
5208
5209
5211
5215
5289
5340
5346
5377
5460
5472
5493
5519
5520
5521
5532
5543
5551
5563
5577
5585
5607
5611
5621
5630
5638
5650
5662
5664
5675
5682
5716
5722
5728
5765
5777
5794
5801
5817
5824
5830
5831
5848
5851
5861
5863
5865
5869
5873
5874
5882
5887
5889
5899
5900
5903
5909
5910
5914
5915
5922
5929
5943
6080
6129
6229
6279
6286
6294
6380
6389
6395
6401
6416
6431
6435
6439
6447
6452
6453
6466
6488
6492
6495
6501
6502
6507
6512
6524
6533
6548
6565
6581
6587
6594
6610
6616
6618
6623
6624
6628
6630
6656
6659
6665
6666
6671
6672
6690
6692
6693
6695
6700
6707
6709
6713
6714
6717
6719
6724
6732
6738
6748
6783
6784
6830
6848
6851
6865
6883
6903
6906
6917
6932
6935
6937
6962
6977
6978
6988
6993
7001
7006
7007
7010
7011
7012
7017
7027
7038
7039
7047
7081
7092
7096
7156
7166
7185
7205
7237
7245
7262
7279
7283
7292
7294
7296
7301
7305
7328
7410
7413
7452
7462
7468
7471
7473
7480
7499
7509
7524
7581
7587
7601
7609
7634
7635
7669
7675
7685
7731
7746
7754
7779
7780
7795
7800
7806
7814
7819
7821
7824
7825
7841
7848
7856
7875
7889
7928
7931
7934
7940
7942
7944
7951
7955
7956
7962
7991
8030
8037
8038
8048
8055
8069
8073
8087
8092
8101
8126
8132
8134
8152
8161
8172
8183
8184
8185
8195
8218
8249
8274
8282
8284
8300
8313
8315
8346
8443
8446
8703
8711
8712
8715
8819
8859
8925
8935
8937
8949
8950
8954
8956
8958
8974
8981
8989
8991
8992
9002
9013
9042
9093
9145
9150
9156
9193
9206
9260
9265
9268
9278
9279
9301
9302
9304
9339
9342
9347
9348
9354
9356
9357
9358
9370
9374
9383
9385
9389
9443
9514
9546
9655
9725
9826
9827
9833
9840
9860
9866
9874
9877
9884
9888
9894
9897
9900
9901
9910
9912
9926
9928
9930
9936
9937
9938
9942
9945
9952
9959
9967
9970
9979
9982
9987
9989
9998
10009
10010
10018
10023
10037
10130
10137
10140
10185
10203
10220
10232
10317
10382
10383
10436
10478
10560
10656
10714
10829
10838
10849
10917
11004
11013
11123
11129
11180
11183
11189
11205
11207
11212
11214
11215
11232
11238
11242
11246
11247
11262
11300
11306
11315
11321
11332
11348
11356
11358
11364
11373
11381
11387
11394
11405
11406
11408
11411
11415
11423
11442
11453
11462
11510
11643
11650
11651
11658
11688
11699
11705
11714
11723
11732
11735
11741
11767
11768
11770
11776
11779
11788
11793
11796
11805
11813
11827
11828
11836
11837
11838
11843
11849
11854
11901
11917
11918
11927
11930
11932
11933
11938
11949
11973
11995
12060
12062
12166
12208
12245
12248
12252
12281
12306
12349
12470
12478
12487
12915
12999
13010
13011
13012
13016
13023
13027
13041
13052
13058
13081
13084
13098
13099
13108
13111
13120
13121
13129
13142
13187
13195
13204
13208
13222
13235
13244
13245
13247
13248
13249
13252
13255
13266
13267
13269
13272
13273
13277
13278
13287
13290
13295
13327
13380
13385
13427
13446
13565
13570
13602
13989
13997
14089
14092
14131
14141
14146
14310
14313
14548
14594
14612
14682
14801
14892
14931
14998
15127
15162
15312
15337
15520
15525
15698
15797
15824
15846
16058
16063
16213
16246
16272
16385
16482
16502
16523
16572
16667
16706
16721
16726
16739
16741
16762
16767
16805
16843
16856
16918
16977
16997
17034
17035
17043
17077
17139
17241
17272
17328
17430
17461
17496
17514
17591
17889
17907
18083
18121
18123
18308
18335
18529
18555
18582
18659
18665
18712
18719
18729
18733
18735
18777
18838
18999
19048
19086
19193
19207
19218
19284
19288
19353
19375
19497
19717
19813
19817
19832
19937
19953
20012
20043
20362
20486
20509
20631
20657
20661
20664
20669
20670
20672
20673
20675
20678
20680
20687
20695
20697
20704
20705
20712
20715
20725
20734
20735
20747
20754
20757
20758
20765
20774
20783
20785
20796
20804
20812
20857
20858
20859
20880
20884
20911
20914
20921
20924
20928
20930
20939
20942
20951
20953
20960
20968
20969
20980
20988
20989
20993
21005
21009
21010
21013
21022
21033
21035
21040
21048
21053
21061
21095
21096
21099
21101
21108
21110
21123
21125
21132
21137
21153
21154
21158
21165
21167
21187
21188
21196
21202
21207
21211
21212
21217
21218
21219
21221
21234
21247
21249
21253
21254
21257
21258
21260
21261
21271
21272
21273
21286
21288
21292
21297
21299
21303
21304
21309
21316
21317
21325
21328
21332
21350
21352
21369
21370
21374
21377
21381
21387
21402
21421
21426
21446
21450
21451
21457
21460
21470
21473
21479
21483
21486
21496
21510
21513
21517
21523
21534
21538
21552
21554
21597
21652
21718
21754
21759
21805
21807
21819
21853
21858
21866
21904
21937
21952
22071
22074
22118
22145
22210
22227
22232
22506
22596
22608
22674
22703
22779
22814
22834
22843
22848
22855
22862
23008
23095
23105
23131
23176
23195
23207
23259
23305
23358
23360
23420
23422
23457
23506
23513
23572
23626
23629
23637
23771
23878
23938
23959
24042
24108
24143
24156
24173
24336
24402
24423
24432
24456
24463
24474
24501
24502
24511
24513
24514
24516
24520
24525
24546
24553
24555
24563
24566
24579
24593
24610
24623
24624
24636
24639
24641
24648
24652
24655
24659
24665
24671
24683
24695
24703
24705
24716
24718
24734
24735
24736
24737
24743
24748
24750
24751
24752
24754
24765
24771
24776
24778
24784
24798
24802
24805
24812
24820
24846
24855
24882
24886
24893
24897
24904
24933
24944
24948
24980
24993
24994
24995
25017
25032
25037
25038
25039
25041
25047
25060
25067
25076
25080
25081
25086
25096
25101
25128
25143
25151
25158
25165
25178
25187
25189
25199
25204
25205
25208
25209
25214
25220
25224
25226
25227
25231
25234
25238
25241
25248
25255
25258
25260
25262
25272
25275
25278
25279
25282
25289
25291
25292
25293
25294
25299
25306
25307
25308
25315
25317
25318
25325
25332
25334
25355
25359
25493
25505
25543
25632
25693
25702
25718
25747
25763
25767
25820
25839
25845
25858
25888
25939
25965
25970
25971
25974
25978
25985
25998
26116
26119
26152
26179
26221
26252
26255
26284
26287
26290
26329
26331
26333
26334
26360
26421
26432
26513
26611
26731
26785
26823
26869
26873
26884
27034
27039
27066
27115
27277
27303
27315
27340
27376
27380
27402
27416
27420
27448
27453
27460
27461
27467
27489
27495
27499
27505
27509
27511
27519
27538
27540
27546
27564
27575
27584
27612
27626
27659
27745
27768
27785
27811
27816
27830
27831
27836
27837
27874
27876
27881
27882
27887
27891
27894
27896
27900
27905
27916
27918
27946
27960
27964
28008
28076
28120
28157
28170
28176
28177
28189
28202
28232
28301
28321
28330
28340
28389
28422
28588
28680
29001
29369
29404
29411
29425
29465
29482
29520
29534
29553
29753
29772
29817
29824
29828
29861
29906
29950
29984
30025
30066
30085
30089
30257
30263
30272
30275
30291
30294
30339
30355
30362
30363
30364
30366
30369
30372
30374
30391
30396
30397
30398
30401
30407
30413
30415
30418
30419
30423
30429
30434
30435
30436
30439
30441
30444
30450
30459
30461
30462
30465
30478
30480
30486
30494
30501
30505
30534
30549
30554
30556
30566
30587
30595
30599
30623
30640
30671
30970
31066
31125
31211
31266
31347
31520
31547
31609
31614
31651
31664
31671
31678
31680
31683
31690
31702
31709
31719
31722
31742
31751
31760
31775
31805
31810
31814
31815
31821
31832
31844
31848
31854
31856
31858
31863
31866
31870
31880
31896
31897
31902
31914
31933
31940
31942
31943
31964
31974
31976
31996
32015
32016
32018
32021
32023
32041
32045
32048
32055
32061
32097
32098
32104
32105
32106
32108
32127
32139
32145
32153
32154
32156
32157
32158
32161
32168
32187
32188
32192
32206
32207
32209
32211
32218
32221
32223
32231
32236
32240
32248
32253
32258
32259
32260
32265
32266
32268
32272
32276
32281
32284
32287
32289
32292
32297
32301
32310
32312
32313
32343
32349
32350
32351
32352
32358
32360
32361
32363
32364
32367
32374
32375
32377
32379
32380
32383
32393
32398
32402
32409
32411
32426
32438
32439
32447
32448
32450
32457
32462
32465
32478
32481
32485
32487
32490
32491
32492
32498
32500
32517
32519
32530
32538
32600
32639
32659
32678
32684
32721
32737
32963
32992
33020
33036
33046
33102
33112
33152
33331
33455
33648
33697
33730
33753
33776
33778
33779
33794
33799
33806
33822
33824
33826
33834
33835
33837
33843
33848
33853
33855
33856
33860
33885
33905
33950
34014
34031
34032
34057
34127
34159
34281
34295
34437
34473
34500
34617
34640
34680
34758
34781
34796
34833
34838
34914
34917
34926
34975
34977
34985
35052
35099
35197
35246
35268
35299
35300
35320
35342
35357
35401
35499
35501
35506
35508
35517
35519
35522
35530
35533
35543
35545
35547
35548
35550
35553
35555
35558
35563
35565
35567
35575
35602
35607
35611
35612
35613
35632
35633
35647
35648
35662
35676
35686
35688
35700
35706
35707
35720
35729
35732
35733
35738
35741
35746
35755
35766
35774
35775
35777
35780
35789
35795
35809
35815
35830
35833
35842
35858
35860
35864
35883
35892
35900
35901
35905
35913
35914
35937
35949
35953
35958
35967
35988
36000
36008
36009
36024
36026
36027
36036
36046
36047
36058
36063
36081
36104
36121
36124
36125
36132
36145
36161
36165
36173
36178
36184
36193
36197
36222
36223
36224
36227
36230
36233
36234
36249
36255
36264
36377
36391
36420
36484
36529
36669
36676
36680
36748
36785
36863
36867
36897
36974
37011
37029
37048
37049
37071
37077
37087
37099
37128
37183
37192
37205
37222
37229
37234
37237
37254
37277
37287
37308
37361
37379
37430
37449
37463
37476
37512
37539
37555
37589
37593
37600
37608
37616
37630
37638
37644
37651
37683
37706
37721
37744
37773
37774
37791
37797
37798
37819
37820
37857
37880
37894
37911
37915
37927
37929
37931
37938
37940
37944
37961
37963
37966
37991
37992
38007
38025
38029
38060
38069
38075
38096
38115
38116
38120
38124
38138
38142
38169
38172
38175
38193
38197
38211
38221
38242
38244
38246
38301
38309
38312
38314
38316
38337
38369
38383
38388
38393
38401
38408
38419
38423
38430
38453
38455
38528
38572
38577
38578
38585
38600
38602
38625
38646
38669
38674
38710
38712
38734
38834
38854
38955
38992
39013
39035
39088
39099
39115
39122
39157
39224
39247
39251
39259
39260
39275
39308
39350
39360
39366
39369
39377
39408
39411
39419
39422
39456
39465
39471
39472
39487
39497
39502
39505
39506
39518
39523
39536
39591
39594
39595
39597
39599
39609
39618
39634
39643
39651
39652
39659
39662
39672
39677
39679
39680
39690
39723
39756
39759
39788
39815
39823
39825
39831
39872
39889
39905
39915
39920
39928
39929
39939
39948
39950
39958
39959
39974
39980
39992
40032
40041
40052
40058
40097
40142
40150
40239
40386
40419
40461
40537
40637
40722
40725
40759
40799
40839
40844
41067
41149
41179
41180
41200
41202
41215
41234
41338
41342
41370
41412
41413
41428
41519
41549
41584
41622
41654
41755
41768
41835
41873
41880
41901
41939
41967
42118
42130
42234
42295
42319
42346
42374
42504
42505
42652
42697
42730
42859
42982
43080
43127
43176
43178
43182
43193
43196
43197
43210
43213
43226
43228
43239
43240
43242
43251
43256
43260
43262
43271
43275
43277
43284
43285
43302
43305
43306
43311
43316
43321
43324
43329
43342
43343
43345
43346
43348
43349
43362
43364
43367
43379
43386
43391
43394
43395
43396
43398
43401
43407
43412
43428
43431
43432
43435
43436
43447
43478
43490
43492
43493
43520
43524
43527
43567
43576
43580
43581
43591
43600
43606
43608
43614
43623
43626
43652
43654
43657
43674
43696
43700
43712
43713
43724
43739
43740
43752
43756
43758
43768
43879
44149
44194
44209
44344
44472
44499
44546
44624
44716
44724
44738
44793
44808
44813
44815
44820
44827
44838
44852
44855
44869
44871
44877
44880
44886
44887
44910
44918
44921
44922
44926
44927
44949
44975
44980
45002
45007
45008
45009
45011
45030
45044
45050
45057
45058
45059
45061
45066
45067
45102
45118
45124
45134
45136
45147
45152
45155
45164
45203
45206
45220
45222
45234
45241
45258
45267
45275
45292
45300
45302
45322
45331
45341
45350
45357
45362
45363
45371
45372
45396
45418
45431
45444
45449
45454
45455
45476
45486
45497
45498
45507
45511
45512
45523
45535
45540
45541
45543
45544
45550
45555
45566
45576
45581
45583
45585
45588
45590
45600
45601
45606
45610
45612
45620
45621
45630
45631
45632
45633
45636
45638
45651
45663
45666
45684
45686
45689
45691
45692
45693
45694
45695
45702
45705
45708
45720
45727
45741
45744
45768
45779
45783
45789
45802
45813
45814
45816
45817
45818
45819
45820
45826
45828
45835
45852
45859
45868
45873
45878
45882
45901
45909
45911
45935
45939
45942
45943
45950
45954
45956
45963
45973
45974
45978
45981
45997
46013
46016
46019
46020
46032
46035
46040
46042
46063
46064
46068
46071
46076
46082
46089
46091
46093
46094
46110
46111
46113
46115
46116
46145
46151
46157
46162
46174
46176
46198
46221
46238
46245
46258
46261
46291
46358
46368
46375
46440
46477
46491
46505
46529
46532
46556
46625
46627
46682
46721
46738
46751
46784
46798
46875
46895
46923
46932
46938
46997
47024
47046
47061
47070
47072
47158
47180
47197
47220
47232
47240
47241
47291
47294
47306
47308
47312
47345
47355
47363
47373
47407
47408
47433
47440
47461
47474
47493
47522
47543
47554
47557
47577
47586
47610
47618
47622
47628
47645
47671
47687
47708
47732
47736
47743
47747
47750
47761
47763
47808
47827
47828
47900
47923
47934
47939
47945
47955
47964
47965
47994
48001
48010
48015
48033
48074
48084
48103
48105
48106
48117
48118
48164
48165
48173
48177
48178
48204
48216
48225
48234
48260
48262
48269
48272
48273
48274
48277
48292
48304
48314
48323
48329
48333
48337
48338
48347
48404
48416
48433
48464
48468
48470
48491
48495
48496
48498
48503
48518
48537
48549
48561
48580
48594
48607
48644
48645
48659
48662
48666
48668
48687
48691
48720
48724
48774
48777
48793
48796
48801
48829
48848
48863
48869
48877
48878
48886
48900
48917
48929
48937
48966
48984
48992
49001
49016
49020
49030
49034
49045
49053
49066
49086
49094
49102
49117
49120
49125
49126
49150
49152
49156
49182
49188
49204
49264
49280
49288
49346
49362
49365
49367
49368
49446
49457
49478
49492
49571
49634
49728
49731
49800
49840
49858
49974
50009
50043
50081
50134
50163
50171
50276
50295
50298
50323
50333
50374
50378
50406
50480
50488
50540
50663
50728
50759
50769
50824
50837
50866
51048
51203
51207
51307
51309
51337
51353
51354
51386
51391
51462
51494
51504
51506
51526
51546
51694
51699
51798
51799
51818
51836
51853
51862
51959
52013
52042
52082
52106
52173
52207
52214
52223
52271
52280
52295
52309
52423
52455
52459
52491
52616
52638
52671
52817
52830
52835
52863
52869
52870
52977
53032
53050
53057
53065
53085
53115
53118
53126
53128
53135
53136
53141
53145
53149
53150
53159
53164
53167
53169
53170
53175
53176
53183
53189
53192
53194
53196
53210
53218
53228
53229
53237
53262
53277
53288
53298
53304
53314
53319
53322
53331
53341
53353
53358
53377
53379
53406
53407
53424
53433
53435
53439
53440
53443
53448
53454
53484
53486
53492
53493
53499
53513
53526
53539
53550
53561
53582
53591
53594
53597
53605
53607
53613
53615
53616
53619
53628
53636
53638
53646
53658
53659
53661
53672
53673
53686
53688
53712
53717
53722
53724
53725
53732
53734
53743
53744
53750
53751
53754
53755
53758
53759
53766
53775
53779
53791
53801
53811
53828
53831
53834
53844
53848
53853
53860
53874
53879
53882
53889
53895
53899
53905
53906
53910
53911
53913
53915
53916
53922
53926
53947
53948
53953
53954
53955
53963
53994
54008
54011
54014
54040
54041
54048
54056
54068
54069
54154
54176
54191
54192
54196
54202
54218
54235
54243
54244
54250
54253
54257
54260
54263
54265
54269
54287
54291
54315
54345
54347
54356
54366
54369
54376
54378
54386
54393
54400
54403
54407
54416
54424
54425
54429
54432
54446
54450
54464
54488
54493
54500
54501
54515
54516
54519
54520
54531
54534
54540
54590
54593
54595
54603
54616
54618
54624
54631
54638
54647
54657
54660
54681
54683
54689
54690
54693
54706
54707
54714
54716
54724
54729
54744
54761
54765
54767
54771
54772
54777
54778
54779
54780
54801
54814
54823
54830
54832
54844
54861
54867
54880
54883
54896
54906
54916
54931
54933
54935
54940
54941
54950
54967
54969
54972
54986
54987
54988
54995
55000
55001
55021
55039
55048
55049
55052
55059
55065
55072
55075
55083
55111
55119
55201
55252
55284
55291
55306
55363
55398
55409
55690
55728
55730
55775
55807
55882
55897
55972
55985
55996
56013
56017
56027
56054
56074
56079
56080
56088
56096
56099
56103
56147
56179
56211
56220
56223
56228
56241
56265
56276
56278
56288
56298
56300
56310
56317
56328
56335
56341
56358
56362
56386
56401
56415
56430
56431
56434
56461
56465
56481
56494
56497
56498
56499
56500
56507
56518
56546
56553
56579
56580
56592
56608
56612
56638
56639
56667
56672
56682
56686
56692
56694
56717
56730
56732
56734
56743
56759
56789
56819
56848
56870
56895
56910
56913
56917
56940
56973
56984
57004
57011
57027
57047
57055
57061
57068
57089
57106
57108
57113
57117
57130
57154
57166
57170
57171
57186
57198
57225
57227
57228
57230
57248
57276
57283
57298
57314
57376
57403
57445
57458
57471
57474
57484
57505
57516
57521
57523
57595
57597
57650
57710
57723
57758
57783
57831
57843
57861
57863
57881
57916
57955
57976
57983
57992
57995
58016
58059
58073
58137
58163
58188
58217
58242
58255
58276
58297
58324
58334
58337
58339
58355
58376
58378
58384
58388
58390
58396
58407
58444
58469
58470
58490
58499
58529
58577
58581
58589
58594
58597
58615
58649
58663
58666
58671
58673
58674
58677
58680
58683
58725
58728
58735
58741
58786
58800
58819
58884
58957
59091
59102
59292
59336
59337
59343
59436
59447
59455
59512
59533
59690
59746
59753
59756
59759
59772
59834
59964
59997
60074
60088
60105
60183
60199
60202
60206
60240
60278
60285
60290
60318
60387
60432
60471
60478
60600
60652
60713
60721
60728
60759
60838
60939
61012
61019
61071
61105
61190
61209
61278
61378
61384
61401
61409
61414
61456
61477
61480
61557
61563
61573
61596
61602
61620
61665
61699
61713
61757
61809
61828
61884
61982
61984
62019
62107
62118
62123
62180
62181
62184
62195
62199
62201
62204
62205
62207
62218
62222
62231
62248
62250
62271
62275
62276
62287
62297
62302
62303
62304
62305
62308
62310
62312
62316
62321
62322
62326
62340
62341
62374
62379
62383
62393
62396
62406
62423
62424
62429
62441
62446
62447
62450
62451
62453
62456
62457
62458
62460
62461
62462
62468
62476
62511
62515
62538
62548
62563
62582
62589
62604
62641
62650
62653
62657
62659
62668
62671
62674
62678
62694
62697
62709
62715
62716
62720
62725
62730
62735
62738
62745
62750
62753
62755
62757
62760
62764
62766
62772
62773
62774
62775
62789
62790
62800
62802
62803
62805
62807
62809
62811
62812
62813
62816
62823
62828
62831
62834
62838
62839
62844
62845
62856
62871
62883
62893
62894
62896
62901
62906
62908
62910
62913
62915
62922
62923
62925
62929
62932
62933
62937
62942
62944
62946
62947
62950
62954
62959
62962
62968
62970
62971
62974
62975
62977
62978
62984
62991
62992
62998
63005
63008
63009
63014
63017
63023
63027
63036
63046
63069
63075
63080
63088
63091
63101
63102
63148
63157
63186
63187
63189
63193
63196
63203
63206
63208
63209
63210
63211
63212
63213
63214
63219
63224
63228
63229
63232
63234
63241
63249
63252
63253
63256
63261
63294
63296
63297
63331
63343
63410
63413
63414
63416
63418
63424
63432
63434
63435
63455
63478
63483
63486
63489
63492
63497
63502
63503
63506
63555
63628
63646
63647
63648
63651
63655
63656
63659
63663
63665
63666
63668
63670
63672
63673
63675
63677
63678
63683
63685
63688
63690
63692
63703
63704
63711
63717
63718
63719
63724
63726
63730
63745
63753
63770
63797
63799
63909
63931
63997
64000
64116
64119
64129
64135
64136
64139
64140
64142
64143
64145
64149
64150
64155
64156
64158
64159
64166
64168
64169
64174
64176
64179
64184
64186
64191
64192
64196
64200
64202
64203
64209
64211
64213
64215
64217
64219
64221
64222
64229
64232
64244
64246
64250
64253
64255
64267
64269
64272
64283
64285
64290
64291
64292
64301
64304
64309
64312
64316
64318
64320
64323
64329
64335
64337
64357
64362
64365
64388
64395
64402
64407
64408
64411
64421
64422
64428
64429
64438
64439
64440
64442
64443
64447
64450
64452
64453
64454
64457
64469
64471
64472
64473
64478
64482
64490
64497
64500
64502
64506
64507
64508
64509
64510
64521
64522
64530
64534
64535
64539
64540
64551
64554
64563
64565
64570
64574
64580
64585
64589
64591
64595
64598
64603
64605
64609
64637
64653
64656
64679
64694
64710
64722
64749
64759
64760
64767
64771
64821
64833
64891
64936
64957
64965
64983
64991
65013
65029
65031
65039
65098
65103
65145
65234
65295
65340
65362
65451
65468
65497
65499
65531
65535
65536
65537
65549
65556
65584
65590
65596
65607
65614
65616
65618
65621
65628
65634
65641
65642
65650
65652
65655
65658
65660
65678
65689
65694
65695
65697
65699
65714
65727
65745
65746
65747
65750
65752
65755
65766
65773
65776
65784
65789
65792
65796
65798
65804
65808
65811
65814
65815
65817
65818
65820
65833
65846
65875
66233
66332
66424
66445
66509
66539
66599
66661
66732
66760
66827
66830
66834
66836
66838
66846
66847
66857
66861
66864
66873
66876
66878
66890
66892
66893
66894
66895
66903
66904
66916
66918
66919
66920
66921
66925
66931
66944
66948
66952
66958
66960
66963
66964
66966
66967
66972
66979
66980
67004
67007
67011
67013
67017
67029
67031
67033
67040
67043
67045
67046
67047
67050
67055
67056
67057
67058
67073
67074
67075
67086
67089
67090
67092
67097
67098
67099
67104
67107
67117
67124
67127
67162
67169
67248
67455
67632
67648
67696
67743
67756
67774
67793
67840
67846
67962
67996
68006
68052
68055
68069
68071
68081
68087
68092
68094
68096
68102
68114
68117
68123
68125
68128
68132
68138
68141
68161
68162
68164
68174
68177
68178
68179
68180
68181
68185
68186
68190
68191
68192
68196
68197
68203
68205
68210
68212
68213
68219
68224
68229
68235
68238
68239
68245
68246
68247
68248
68261
68262
68263
68271
68272
68274
68290
68295
68311
68314
68339
68354
68366
68380
68381
68390
68391
68392
68402
68406
68428
68434
68441
68442
68443
68445
68452
68454
68461
68464
68492
68498
68506
68523
68526
68528
68530
68537
68543
68556
68559
68561
68564
68568
68582
68585
68588
68589
68590
68591
68593
68598
68607
68608
68609
68618
68620
68624
68630
68715
68745
68797
68812
68853
68936
68962
69116
69149
69157
69214
69267
69269
69351
69371
69464
69493
69564
69582
69583
69775
69776
69777
69779
69790
69793
69799
69812
69821
69829
69835
69837
69838
69846
69850
69852
69855
69859
69860
69864
69866
69868
69871
69874
69886
69888
69892
69893
69907
69910
69939
69945
69947
69950
69953
69955
69956
69958
69959
69964
69965
69969
69978
69980
69981
69987
69988
69990
69991
69994
69995
69996
69998
70004
70014
70016
70018
70024
70029
70035
70039
70040
70042
70047
70050
70059
70061
70082
70090
70096
70099
70104
70107
70108
70112
70124
70125
70126
70127
70140
70147
70148
70150
70153
70157
70158
70159
70173
70175
70185
70193
70196
70200
70206
70211
70218
70242
70243
70245
70246
70256
70274
70275
70277
70283
70296
70300
70302
70306
70312
70318
70324
70333
70335
70341
70345
70348
70363
70368
70371
70384
70394
70400
70402
70404
70411
70417
70422
70511
70516
70551
70558
70576
70579
70582
70583
70587
70593
70596
70597
70598
70603
70628
70639
70656
70707
70856
70912
70930
70984
70988
70994
71001
71002
71005
71006
71012
71016
71017
71018
71020
71023
71030
71031
71036
71108
71114
71146
71158
71170
71196
71315
71364
71386
71401
71415
71422
71426
71458
71574
71575
71597
71631
71691
71728
71805
71810
71822
71837
71870
71905
71907
71909
71914
71921
71923
71925
71931
71933
71936
71937
71941
71945
71950
71964
71966
71977
71990
71996
72010
72019
72036
72042
72046
72052
72061
72063
72071
72085
72087
72097
72111
72112
72113
72115
72120
72127
72133
72135
72158
72161
72163
72168
72172
72189
72192
72194
72195
72196
72217
72225
72230
72231
72239
72243
72244
72262
72265
72267
72279
72283
72293
72294
72296
72297
72299
72303
72304
72324
72335
72336
72340
72341
72343
72355
72359
72361
72385
72389
72390
72400
72401
72403
72414
72424
72435
72446
72460
72478
72486
72492
72496
72501
72517
72522
72523
72526
72531
72532
72536
72539
72549
72553
72557
72570
72578
72580
72582
72593
72594
72596
72597
72600
72605
72608
72614
72624
72639
72643
72645
72662
72663
72689
72694
72698
72699
72725
72726
72727
72729
72730
72731
72732
72733
72737
72738
72739
72741
72746
72761
72763
72765
72770
72779
72781
72790
72801
72802
72803
72808
72845
72948
72953
73038
73074
73102
73122
73189
73220
73227
73313
73378
73438
73500
73516
73525
73561
73653
73737
73769
73976
74046
74066
74133
74198
74262
74270
74353
74582
74615
74926
74985
75039
75072
75079
75119
75195
75218
75227
75233
75254
75303
75311
75380
75555
75565
75621
75645
75667
75673
75700
75704
75709
75730
75805
75809
75837
75856
75857
75863
75865
75898
75913
76034
76095
76150
76265
76378
76397
76465
76474
76503
76504
76522
76538
76575
76628
76664
76679
76696
76722
76742
76802
76846
76925
76927
77059
77183
77280
77289
77325
77328
77383
77453
77461
77482
77485
77536
77578
77603
77616
77643
77708
77753
77806
77983
78020
78028
78035
78071
78238
78281
78409
78483
78534
78594
78736
78782
78859
78882
78906
78937
79081
79086
79169
79170
79196
79265
79306
79331
79392
79436
79528
79626
79672
79723
79745
79770
79797
79816
79820
79840
79847
79867
79943
79944
79992
80033
80043
80129
80187
80364
80522
80616
80634
80668
80675
80678
80726
80729
80742
80753
80761
80779
80831
80871
80873
80924
80934
80943
80981
81004
81091
81108
81155
81182
81286
81305
81308
81359
81413
81438
81442
81461
81465
81466
81467
81470
81475
81492
81496
81497
81504
81505
81536
81547
81549
81551
81555
81558
81559
81560
81582
81592
81594
81596
81601
81605
81611
81613
81640
81645
81650
81656
81662
81668
81677
81679
81684
81687
81688
81697
81700
81708
81710
81717
81721
81728
81731
81739
81743
81748
81749
81759
81763
81785
81789
81806
81813
81817
81818
81819
81822
81826
81829
81842
81848
81851
81852
81855
81858
81875
81883
81884
81887
81888
81892
81893
81902
81904
81911
81913
81914
81916
81919
81921
81923
81941
81965
81970
81972
81975
81979
81987
81988
81992
81994
82001
82023
82024
82027
82032
82033
82056
82057
82069
82073
82075
82076
82100
82101
82111
82118
82122
82129
82140
82148
82154
82158
82160
82177
82182
82189
82198
82202
82209
82214
82220
82223
82232
82241
82242
82260
82262
82265
82267
82269
82273
82287
82297
82300
82302
82306
82308
82310
82325
82361
82388
82471
82478
82533
82536
82552
82571
82614
82656
82660
82679
82739
82819
83034
83046
83088
83122
83131
83157
83162
83189
83230
83289
83296
83358
83361
83393
83403
83430
83453
83464
83511
83535
83650
83675
83768
83811
83856
83861
83895
83932
83976
84045
84049
84077
84079
84083
84134
84137
84156
84169
84197
84225
84246
84294
84371
84466
84473
84549
84555
84556
84571
84572
84743
84793
84898
84931
84941
84964
84976
85020
85039
85060
85125
85137
85147
85257
85303
85324
85327
85335
85357
85432
85437
85524
85543
85590
85597
85598
85623
85629
85644
85708
85822
85874
85901
85941
85954
85981
86068
86270
86279
86303
86311
86401
86482
86494
86512
86524
86577
86685
86826
86859
86872
86904
86922
86937
86945
87077
87240
87246
87360
87383
87385
87387
87390
87395
87409
87410
87417
87418
87420
87421
87422
87429
87438
87443
87459
87502
87522
87536
87548
87580
87603
87606
87608
87636
87659
87671
87678
87737
87741
87762
87766
87775
87776
87778
87783
87794
87797
87803
87818
87828
87839
87857
87863
87870
87871
87887
87899
87923
87935
87938
87939
87948
87950
87962
87971
87992
87998
88000
88009
88021
88028
88034
88040
88045
88047
88048
88052
88054
88055
88072
88075
88077
88079
88084
88085
88090
88106
88107
88108
88119
88128
88134
88147
88148
88149
88154
88158
88159
88160
88167
88175
88177
88182
88183
88189
88195
88204
88215
88222
88228
88233
88248
88251
88255
88260
88262
88271
88272
88280
88281
88291
88296
88300
88304
88317
88318
88325
88332
88343
88350
88356
88360
88361
88365
88371
88373
88375
88381
88384
88389
88400
88409
88412
88417
88428
88433
88440
88443
88448
88507
88556
88684
88763
88905
88936
89063
89065
89250
89317
89391
89443
89587
89616
89699
89770
89834
89984
90050
90094
90117
90124
90133
90135
90148
90152
90167
90171
90186
90192
90207
90209
90215
90217
90218
90219
90220
90221
90226
90230
90233
90247
90257
90259
90275
90278
90280
90284
90294
90300
90301
90304
90324
90331
90333
90338
90343
90352
90390
90391
90392
90393
90395
90402
90419
90421
90429
90439
90452
90456
90460
90462
90464
90465
90473
90483
90484
90490
90492
90495
90496
90498
90503
90506
90520
90521
90524
90528
90532
90533
90545
90547
90548
90553
90570
90575
90578
90579
90588
90609
90615
90618
90620
90621
90632
90658
90662
90670
90671
90683
90707
90713
90715
90726
90731
90746
90771
90781
90784
90785
90829
90844
90857
90874
90875
90876
90879
90882
90885
90895
90899
90905
90910
90918
90923
90924
90927
90930
90934
90936
90938
90941
90942
90943
90946
90949
90950
90956
90957
90958
90959
90961
90962
90969
90971
90974
90981
90982
90984
90985
90987
90994
91010
91018
91022
91026
91029
91030
91034
91042
91045
91047
91052
91059
91063
91064
91079
91093
91095
91097
91104
91109
91116
91126
91127
91159
91161
91169
91173
91176
91200
91205
91218
91251
91309
91345
91355
91356
91358
91363
91370
91371
91373
91376
91382
91388
91390
91391
91397
91398
91399
91401
91404
91405
91410
91411
91414
91418
91423
91435
91443
91445
91453
91454
91459
91465
91491
91502
91503
91525
91539
91550
91554
91556
91565
91572
91575
91582
91585
91587
91588
91590
91594
91601
91604
91605
91606
91611
91617
91635
91640
91648
91650
91662
91663
91681
91684
91686
91693
91698
91713
91716
91720
91722
91726
91743
91755
91760
91768
91772
91786
91789
91796
91801
91812
91819
91827
91844
91846
91847
91854
91858
91865
91870
91879
91903
91906
91912
91914
91920
91921
91922
91924
91925
91953
91960
91964
91969
91973
91977
91998
92002
92004
92034
92048
92053
92056
92063
92065
92070
92072
92074
92079
92081
92084
92089
92105
92113
92151
92155
92157
92162
92168
92171
92177
92190
92198
92209
92211
92212
92213
92218
92224
92229
92233
92235
92238
92257
92260
92261
92263
92265
92271
92274
92277
92281
92288
92296
92316
92319
92321
92359
92372
92380
92389
92391
92395
92399
92401
92410
92418
92419
92421
92424
92426
92434
92435
92446
92448
92452
92459
92466
92467
92474
92475
92480
92481
92508
92510
92511
92518
92525
92527
92533
92538
92540
92542
92548
92553
92554
92559
92560
92566
92571
92572
92573
92579
92580
92581
92586
92588
92623
92667
92690
92693
92760
92775
92784
92801
92819
92875
92916
92995
93016
93038
93074
93078
93090
93092
93096
93103
93210
93256
93333
93405
93539
93597
93624
93685
93761
93773
93815
93844
93879
93883
93959
93999
94037
94061
94092
94122
94154
94182
94221
94257
94268
94283
94288
94339
94446
94447
94533
94564
94685
94691
94773
94822
94850
95023
95134
95147
95158
95171
95177
95199
95242
95309
95347
95394
95544
95551
95590
95601
95616
95735
95771
95806
95853
95914
95926
95934
95969
96006
96070
96071
96106
96116
96123
96210
96217
96371
96380
96414
96458
96468
96625
96714
96826
96929
96988
97040
97081
97098
97103
97143
97221
97242
97281
97287
97289
97290
97323
97359
97407
97428
97443
97444
97708
97711
97717
97722
97735
97742
97748
97753
97760
97791
97797
97800
97814
97832
97840
97845
97848
97850
97851
97855
97863
97865
97866
97869
97870
97874
97879
97880
97884
97885
97889
97896
97902
97903
97910
97912
97921
97933
97947
97959
97961
97978
97979
97986
97989
97997
97999
98002
98003
98004
98005
98006
98007
98014
98015
98020
98021
98022
98024
98027
98028
98031
98034
98036
98044
98045
98046
98047
98050
98051
98058
98059
98061
98064
98069
98077
98106
98108
98113
98115
98119
98122
98124
98129
98146
98155
98157
98159
98161
98162
98166
98169
98179
98182
98183
98184
98189
98192
98193
98198
98200
98201
98205
98208
98209
98212
98214
98224
98227
98228
98232
98233
98240
98250
98252
98256
98258
98279
98282
98283
98287
98290
98294
98295
98313
98318
98321
98325
98336
98343
98344
98345
98348
98349
98374
98380
98411
98412
98422
98423
98433
98436
98439
98443
98457
98476
98484
98485
98502
98536
98539
98551
98568
98572
98588
98605
98614
98619
98622
98632
98633
98636
98639
98646
98654
98659
98663
98664
98666
98672
98674
98677
98683
98686
98691
98693
98697
98698
98699
98702
98703
98705
98709
98710
98713
98714
98716
98719
98721
98722
98724
98733
98734
98736
98737
98743
98745
98753
98754
98769
98782
98785
98801
98807
98811
98815
98818
98832
98833
98836
98838
98846
98869
98874
98879
98887
98904
98922
98930
98935
98936
98937
98944
98945
98951
98952
98954
98969
98970
98971
98972
98973
98974
98975
98979
98980
98982
98983
98984
98987
98992
98998
99006
99009
99019
99023
99025
99028
99032
99035
99036
99044
99047
99069
99071
99085
99092
99093
99102
99108
99127
99136
99140
99141
99143
99147
99148
99151
99160
99161
99167
99168
99169
99170
99175
99179
99180
99181
99184
99186
99188
99198
99199
99206
99207
99213
99218
99222
99225
99227
99240
99248
99250
99252
99256
99263
99266
99270
99271
99274
99281
99288
99290
99302
99304
99307
99313
99316
99324
99331
99332
99336
99345
99355
99366
99371
99381
99383
99384
99388
99403
99404
99409
99410
99418
99419
99420
99423
99434
99435
99447
99460
99462
99466
99468
99477
99482
99490
99501
99514
99526
99536
99539
99543
99548
99561
99583
99585
99591
99593
99597
99602
99607
99609
99626
99627
99629
99631
99633
99640
99645
99650
99669
99677
99692
99693
99701
99710
99717
100111
100222
100296
100311
100321
100357
100385
100446
100447
100454
100463
100484
100499
100528
100531
100542
100546
100629
100689
100716
100740
100747
100766
100799
100847
100848
100850
100872
100894
100922
100926
101006
101012
101021
101030
101033
101046
101115
101133
101162
101169
101218
101246
101308
101313
101370
101381
101421
101453
101504
101557
101569
101579
101581
101605
101606
101669
101860
101867
101981
102026
102043
102086
102154
102209
102213
102319
102410
102437
102451
102582
102634
102638
102684
102695
102716
102807
102844
102846
102874
102882
102910
102937
103046
103089
103171
103176
103215
103243
103264
103269
103310
103325
103335
103349
103350
103353
103360
103365
103367
103370
103372
103384
103386
103392
103397
103398
103403
103405
103420
103421
103429
103431
103432
103443
103446
103447
103458
103460
103483
103486
103489
103513
103519
103526
103540
103552
103555
103557
103565
103571
103579
103586
103587
103590
103591
103602
103616
103626
103630
103633
103634
103653
103658
103663
103664
103676
103682
103687
103691
103697
103698
103699
103703
103704
103714
103717
103722
103726
103727
103730
103741
103742
103747
103754
103759
103764
103768
103776
103784
103796
103799
103802
103805
103809
103814
103823
103825
103826
103837
103854
103858
103863
103865
103869
103870
103877
103878
103882
103883
103884
103886
103888
103896
103897
103899
103908
103910
103925
103930
103935
103936
103938
103941
103944
103945
103959
103964
103966
103980
103983
103989
103995
103996
104002
104014
104016
104017
104022
104023
104028
104030
104039
104051
104053
104067
104071
104072
104077
104085
104087
104093
104095
104116
104118
104119
104120
104135
104167
104181
104184
104198
104217
104219
104220
104222
104224
104225
104226
104234
104238
104240
104243
104250
104252
104255
104256
104265
104275
104277
104281
104282
104287
104290
104302
104309
104317
104319
104322
104323
104334
104338
104343
104358
104364
104389
104472
104490
104529
104533
104608
104611
104627
104674
104794
104883
104889
104893
104917
104919
104923
104943
104990
105044
105068
105087
105102
105127
105169
105233
105291
105301
105310
105331
105336
105412
105427
105472
105483
105578
105610
105637
105642
105647
105722
105789
105921
105926
105964
105970
105978
105984
105997
105998
106004
106006
106017
106020
106027
106042
106062
106065
106072
106082
106085
106086
106100
106101
106102
106104
106114
106115
106122
106123
106126
106134
106140
106144
106148
106150
106184
106188
106201
106203
106205
106208
106211
106227
106242
106247
106250
106254
106255
106256
106259
106282
106289
106294
106295
106296
106315
106318
106324
106334
106356
106359
106363
106374
106391
106413
106419
106429
106430
106433
106436
106437
106438
106439
106452
106453
106459
106461
106462
106465
106470
106473
106475
106479
106482
106488
106489
106490
106503
106508
106514
106516
106523
106524
106537
106543
106575
106597
106695
106696
106759
106766
106770
106793
106799
106809
106815
107026
107069
107138
107215
107234
107241
107277
107284
107289
107301
107397
107431
107450
107460
107527
107540
107554
107643
107662
107976
107983
107988
108028
108241
108309
108319
108345
108346
108355
108448
108470
108568
108571
108616
108692
108694
108733
108764
108782
108783
108784
108789
108792
108794
108796
108805
108811
108813
108824
108834
108836
108842
108853
108857
108876
108878
108882
108883
108888
108894
108898
108913
108917
108926
108932
108933
108938
108942
108950
108951
108966
108967
108969
108970
108971
108972
108975
108976
108982
108987
108988
108991
108993
108996
108998
108999
109007
109010
109012
109015
109016
109018
109019
109020
109029
109033
109061
109066
109072
109090
109094
109100
109107
109111
109140
109144
109147
109152
109157
109173
109174
109175
109176
109188
109205
109212
109215
109239
109240
109245
109247
109257
109283
109284
109286
109290
109300
109312
109315
109317
109321
109324
109326
109329
109338
109350
109355
109360
109364
109366
109368
109372
109375
109379
109380
109381
109388
109389
109390
109393
109396
109398
109399
109407
109416
109418
109420
109423
109427
109433
109436
109439
109440
109444
109449
109451
109461
109462
109465
109469
109470
109474
109478
109483
109486
109490
109492
109493
109501
109502
109535
109595
109599
109602
109604
109606
109609
109612
109623
109630
109638
109640
109647
109655
109656
109658
109661
109663
109709
109711
109733
109738
109784
109785
109786
109790
109794
109801
109811
109812
109814
109836
109933
110022
110031
110061
110091
110094
110103
110126
110138
110154
110199
110211
110235
110286
110290
110312
110323
110445
110451
110469
110537
110551
110584
110609
110668
110696
110764
110767
110775
110813
110850
110923
110945
110980
110988
111010
111099
111103
111115
111167
111174
111262
111270
111300
111325
111360
111382
111486
111499
111505
111524
111539
111541
111547
111549
111550
111553
111554
111555
111557
111560
111563
111564
111569
111570
111571
111572
111578
111582
111584
111591
111594
111601
111603
111606
111607
111613
111619
111630
111633
111636
111637
111640
111644
111663
111667
111671
111673
111680
111701
111708
111723
111736
111739
111756
111760
111761
111764
111766
111804
111832
111885
111891
111908
111912
111913
111923
111926
111929
111931
111938
111939
111941
111956
111957
111963
111964
111969
111974
111987
111997
112001
112019
112021
112023
112032
112035
112043
112044
112045
112050
112054
112073
112083
112092
112093
112094
112096
112104
112105
112111
112134
112138
112139
112141
112142
112143
112144
112153
112154
112156
112157
112159
112160
112161
112171
112174
112175
112194
112197
112201
112206
112211
112214
112229
112238
112242
112243
112255
112260
112261
112267
112268
112271
112275
112276
112277
112279
112280
112287
112292
112294
112299
112301
112316
112321
112323
112326
112333
112335
112359
112366
112381
112383
112384
112385
112403
112404
112407
112430
112446
112448
112456
112478
112495
112496
112504
112517
112523
112528
112535
112543
112548
112555
112559
112565
112566
112575
112591
112592
112594
112595
112597
112602
112606
112617
112620
112625
112629
112634
112651
112652
112661
112673
112676
112678
112681
112690
112721
112722
112723
112738
112753
112758
112769
112788
112791
112803
112805
112808
112812
112822
112826
112828
112841
112848
112849
112850
112883
112886
112916
112925
112948
112956
112961
112964
113058
113061
113062
113076
113082
113103
113111
113119
113133
113134
113135
113143
113149
113155
113183
113220
113224
113232
113244
113273
113280
113300
113309
113325
113337
113340
113349
113359
113370
113385
113403
113419
113422
113439
113440
113444
113456
113470
113471
113498
113510
113514
113515
113518
113521
113527
113529
113545
113566
113571
113573
113602
113603
113613
113636
113642
113678
113706
113715
113721
113737
113746
113751
113759
113774
113807
113816
113820
113826
113827
113836
113853
113892
113893
113903
113915
113961
113969
113973
113976
114023
114041
114043
114073
114089
114090
114111
114119
114141
114211
114226
114233
114236
114238
114282
114313
114336
114362
114389
114393
114394
114416
114475
114501
114519
114565
114568
114621
114637
114659
114667
114697
114708
114716
114718
114727
114759
114770
114772
114780
114798
114803
114806
114827
114830
114843
114851
114902
114915
114957
114997
115033
115088
115112
115154
115171
115174
115203
115216
115232
115310
115530
115548
115586
115590
115604
115617
115657
115696
115702
115703
115794
115827
115889
115936
115993
115996
116042
116072
116079
116098
116102
116105
116124
116126
116131
116151
116211
116272
116275
116284
116286
116287
116288
116292
116310
116316
116325
116326
116357
116378
116400
116417
116431
116461
116471
116473
116494
116503
116505
116506
116511
116513
116517
116525
116529
116531
116551
116583
116589
116603
116605
116606
116623
116628
116651
116658
116659
116668
116674
116678
116681
116706
116707
116714
116718
116719
116723
116732
116749
116753
116759
116764
116765
116790
116794
116796
116807
116816
116818
116821
116827
116831
116835
116842
116849
116852
116854
116857
116864
116866
116869
116879
116889
116891
116900
116908
116909
116912
116923
116926
116929
116933
116936
116937
116945
116948
116949
116953
116955
116962
116969
116979
116984
116988
116990
117000
117012
117020
117030
117031
117042
117048
117050
117053
117063
117069
117070
117073
117078
117086
117087
117089
117097
117102
117104
117106
117112
117126
117127
117134
117135
117136
117145
117149
117152
117157
117159
117161
117162
117167
117170
117173
117180
117190
117193
117253
117274
117364
117387
117497
117577
117590
117618
117641
117646
117656
117678
117686
117711
117753
117762
117767
117777
117839
117865
117923
117963
117983
118001
118084
118118
118157
118163
118199
118254
118339
118415
118417
118427
118430
118431
118435
118448
118459
118468
118474
118475
118478
118481
118487
118491
118492
118499
118505
118507
118516
118526
118534
118538
118543
118552
118559
118566
118623
118671
118692
118699
118702
118706
118711
118730
118785
118802
118833
118850
118870
118881
118937
118988
118993
119031
119092
119139
119152
119191
119204
119212
119217
119235
119266
119269
119274
119278
119292
119300
119340
119377
119386
119443
119473
119521
119529
119570
119575
119649
119669
119700
119750
119760
119787
119817
119820
119841
119880
119887
119906
119937
119948
119997
120023
120025
120032
120057
120064
120080
120166
120246
120300
120339
120381
120393
120437
120440
120490
120500
120501
120505
120531
120538
120547
120549
120555
120557
120581
120597
120605
120606
120607
120608
120618
120622
120623
120625
120626
120631
120632
120645
120646
120650
120651
120657
120661
120668
120672
120678
120682
120683
120690
120691
120694
120695
120699
120704
120707
120709
120715
120746
120750
120765
120773
120775
120777
120783
120784
120786
120788
120803
120806
120808
120809
120810
120813
120822
120828
120831
120850
120852
120855
120858
120880
120890
120891
120894
120906
120907
120916
120921
120924
120927
120947
120950
120955
120974
120975
120977
120983
120989
120994
121003
121016
121017
121020
121026
121027
121028
121060
121063
121069
121075
121077
121081
121087
121093
121096
121099
121104
121105
121111
121115
121124
121136
121137
121145
121147
121149
121153
121158
121160
121161
121164
121168
121171
121172
121186
121190
121197
121200
121202
121208
121216
121225
121226
121246
121256
121257
121262
121267
121282
121286
121287
121294
121296
121307
121313
121318
121319
121324
121332
121342
121356
121362
121365
121368
121369
121371
121375
121381
121382
121386
121390
121391
121393
121398
121414
121419
121421
121423
121426
121434
121437
121450
121452
121453
121457
121465
121477
121479
121484
121486
121492
121494
121498
121503
121504
121506
121508
121509
121514
121518
121525
121528
121532
121544
121545
121549
121555
121560
121561
121567
121578
121595
121608
121643
121646
121691
121704
121711
121722
121736
121776
121777
121783
121794
121797
121811
121818
121820
121823
121826
121830
121832
121836
121837
121844
121847
121851
121853
121855
121864
121872
121888
121895
121897
121899
121902
121905
121908
121909
121910
121911
121914
121915
121920
121952
121953
121955
121957
121969
121974
121979
121980
121982
121992
121993
122001
122005
122007
122012
122026
122031
122039
122043
122052
122054
122055
122057
122059
122062
122065
122067
122083
122090
122097
122099
122102
122108
122110
122128
122130
122137
122138
122139
122148
122152
122158
122161
122162
122164
122175
122192
122196
122197
122204
122206
122208
122210
122211
122212
122224
122229
122238
122245
122246
122247
122248
122249
122251
122252
122254
122255
122268
122270
122271
122273
122274
122276
122282
122286
122290
122298
122303
122304
122312
122313
122315
122318
122320
122325
122347
122359
122404
122409
122479
122481
122485
122503
122559
122619
122623
122635
122652
122660
122726
122753
122838
122891
122992
123089
123200
123206
123207
123213
123219
123221
123225
123227
123230
123241
123248
123249
123250
123252
123253
123254
123255
123258
123263
123267
123269
123271
123273
123274
123278
123279
123282
123285
123288
123289
123291
123292
123308
123311
123333
123337
123340
123347
123353
123354
123376
123377
123378
123380
123382
123385
123389
123391
123395
123396
123425
123426
123441
123442
123444
123445
123446
123465
123468
123473
123483
123488
123489
123491
123493
123494
123496
123497
123498
123500
123505
123509
123513
123527
123556
123562
123574
123584
123661
123721
123734
123749
123769
123805
123894
123945
124045
124049
124051
124053
124060
124061
124065
124072
124077
124081
124083
124087
124089
124092
124094
124102
124103
124110
124111
124114
124132
124137
124148
124156
124159
124176
124178
124186
124206
124210
124211
124212
124216
124236
124247
124256
124269
124274
124277
124287
124300
124303
124306
124311
124334
124338
124344
124347
124351
124352
124362
124377
124421
124424
124426
124428
124444
124448
124449
124450
124451
124456
124458
124465
124468
124469
124471
124475
124484
124492
124509
124513
124514
124516
124523
124524
124527
124552
124557
124558
124559
124561
124569
124573
124574
124578
124583
124587
124589
124593
124594
124619
124621
124626
124631
124635
124643
124660
124665
124676
124681
124687
124690
124732
124765
124772
124793
124800
124871
124878
124922
124969
124977
125032
125081
125183
125188
125201
125202
125214
125301
125329
125334
125358
125367
125384
125390
125489
125514
125521
125541
125572
125615
125648
125796
125814
125816
125857
125862
125898
125913
125916
125934
126023
126115
126154
126195
126197
126253
126308
126365
126406
126419
126526
126537
126555
126577
126582
126620
126644
126646
126647
126648
126657
126682
126683
126685
126693
126694
126695
126700
126703
126704
126708
126713
126715
126716
126717
126720
126721
126727
126736
126742
126744
126747
126748
126757
126759
126760
126767
126769
126781
126788
126789
126790
126795
126810
126812
126814
126819
126823
126826
126827
126831
126843
126847
126851
126852
126866
126872
126875
126945
126951
126969
126972
126975
126976
126986
126989
126991
127007
127020
127021
127026
127029
127030
127035
127040
127044
127048
127058
127060
127063
127086
127090
127101
127103
127126
127132
127133
127148
127166
127169
127171
127173
127184
127185
127190
127209
127229
127231
127232
127235
127242
127252
127265
127266
127296
127299
127304
127308
127315
127316
127318
127326
127327
127329
127336
127347
127348
127354
127367
127368
127369
127372
127379
127382
127385
127386
127393
127396
127399
127400
127407
127409
127419
127424
127432
127437
127443
127450
127453
127457
127463
127466
127475
127476
127478
127483
127485
127493
127494
127507
127508
127515
127518
127520
127521
127525
127537
127542
127551
127553
127565
127571
127595
127619
127632
127634
127644
127652
127670
127675
127682
127684
127686
127689
127700
127710
127714
127715
127717
127719
127745
127749
127763
127764
127767
127768
127769
127789
127793
127801
127802
127803
127811
127812
127815
127825
127830
127831
127832
127840
127844
127846
127848
127850
127851
127852
127856
127857
127860
127867
127872
127883
127885
127901
127903
127917
127918
127922
127923
127932
127936
127943
127949
127951
127962
127963
127964
127974
127975
127984
127992
127996
128001
128002
128003
128013
128030
128036
128048
128050
128054
128059
128069
128073
128074
128078
128102
128118
128151
128152
128156
128157
128158
128162
128163
128175
128176
128238
128253
128391
128419
128491
128730
128798
128982
129004
129052
129067
129175
129181
129190
129192
129193
129198
129202
129204
129210
129214
129217
129223
129234
129236
129237
129254
129257
129262
129263
129266
129273
129278
129287
129302
129306
129314
129317
129326
129339
129346
129347
129357
129358
129367
129372
129375
129376
129378
129383
129387
129393
129397
129409
129420
129424
129428
129431
129432
129442
129452
129453
129456
129457
129466
129467
129475
129499
129503
129510
129512
129528
129531
129533
129535
129537
129538
129584
129651
129663
129804
129852
129873
129883
130081
130106
130111
130201
130229
130247
130260
130267
130269
130281
130428
130434
130486
130515
130577
130612
130653
130705
130715
130744
130762
130805
130823
130907
130932
130957
131028
131074
131081
131218
131229
131249
131288
131322
131342
131414
131459
131510
131551
131562
131564
131590
131596
131630
131745
131763
131838
131939
131972
132006
132053
132099
132101
132104
132177
132190
132215
132299
132316
132350
132387
132424
132457
132474
132485
132557
132597
132599
132602
132637
132638
132640
132643
132649
132653
132657
132667
132669
132676
132699
132702
132708
132713
132733
132737
132739
132740
132751
132753
132762
132770
132780
132788
132801
132806
132813
132823
132825
132827
132829
132835
132836
132837
132839
132852
132853
132857
132862
132866
132875
132896
132897
132909
132913
132929
132935
132949
132964
132969
132971
132973
132981
132982
132985
132998
133000
133001
133011
133013
133028
133031
133032
133038
133047
133051
133052
133064
133070
133082
133099
133110
133112
133118
133121
133130
133138
133147
133186
133187
133192
133198
133199
133209
133220
133226
133230
133244
133245
133255
133269
133275
133279
133287
133289
133290
133295
133303
133319
133323
133335
133351
133362
133365
133369
133372
133373
133378
133383
133388
133391
133396
133400
133412
133415
133422
133424
133426
133429
133433
133438
133442
133443
133448
133451
133453
133460
133462
133463
133477
133478
133482
133496
133497
133525
133534
133537
133548
133549
133557
133561
133571
133574
133577
133599
133609
133612
133613
133614
133616
133617
133622
133647
133651
133659
133662
133666
133672
133673
133675
133676
133679
133683
133686
133690
133698
133699
133726
133737
133745
133746
133752
133757
133758
133764
133766
133767
133768
133774
133780
133781
133784
133786
133798
133801
133804
133806
133813
133818
133822
133834
133835
133839
133841
133853
133859
133861
133873
133876
133879
133880
133888
133890
133891
133897
133909
133911
133915
133931
133932
133933
133936
133941
133942
133950
133951
133955
133956
133957
133960
133965
133980
133983
133985
133987
133988
133989
133992
133998
134000
134002
134009
134013
134014
134015
134036
134038
134061
134070
134072
134076
134086
134105
134113
134122
134127
134146
134147
134150
134155
134161
134162
134168
134182
134194
134199
134202
134215
134256
134264
134275
134293
134296
134313
134314
134345
134401
134405
134409
134410
134418
134430
134444
134455
134477
134485
134487
134490
134512
134522
134542
134554
134562
134602
134623
134629
134648
134670
134683
134689
134705
134713
134734
134739
134747
134757
134787
134793
134812
134818
134819
134827
134844
134849
134857
134878
134941
134961
134964
134983
135000
135013
135014
135021
135052
135081
135110
135148
135167
135171
135180
135220
135230
135324
135326
135329
135334
135356
135368
135372
135373
135385
135395
135399
135415
135417
135421
135456
135463
135477
135506
135529
135530
135531
135571
135573
135607
135642
135673
135674
135699
135706
135775
135801
135815
135827
135836
135842
135875
135885
135891
135896
135975
135977
136022
136043
136055
136058
136060
136075
136103
136120
136126
136135
136174
136175
136189
136190
136211
136218
136241
136248
136253
136270
136281
136310
136312
136314
136324
136394
136429
136435
136437
136438
136486
136506
136526
136541
136570
136589
136590
136601
136625
136652
136654
136684
136690
136712
136823
136898
136899
136900
136931
136977
136988
136992
136998
137003
137035
137105
137106
137145
137214
137240
137241
137248
137259
137274
137300
137335
137384
137471
137550
137560
137594
137682
137702
137737
137763
137792
137809
137860
137994
138094
138139
138149
138150
138154
138166
138197
138205
138217
138251
138293
138310
138315
138317
138331
138340
138366
138390
138397
138417
138421
138427
138436
138446
138450
138658
138661
138662
138667
138725
138730
138797
138820
138826
138845
138846
138897
138904
139052
139134
139251
139315
139344
139366
139389
139418
139421
139434
139445
139455
139486
139525
139566
139607
139643
139686
139851
139853
139931
140004
140068
140097
140102
140105
140124
140127
140134
140141
140149
140155
140162
140163
140164
140166
140176
140179
140198
140205
140208
140223
140228
140236
140241
140242
140248
140258
140267
140278
140295
140303
140304
140314
140315
140324
140325
140327
140335
140337
140342
140345
140354
140359
140362
140372
140374
140377
140379
140389
140395
140397
140408
140419
140421
140423
140430
140431
140432
140434
140441
140445
140455
140461
140462
140463
140464
140468
140469
140486
140489
140490
140513
140520
140523
140526
140539
140551
140556
140558
140560
140563
140565
140569
140573
140586
140589
140594
140596
140604
140605
140618
140619
140624
140630
140632
140633
140635
140645
140651
140652
140653
140655
140656
140665
140669
140681
140684
140686
140687
140692
140693
140694
140695
140698
140701
140703
140704
140707
140708
140711
140716
140723
140726
140728
140732
140737
140739
140747
140756
140759
140761
140762
140765
140766
140767
140773
140776
140778
140781
140782
140785
140798
140800
140803
140808
140811
140813
140816
140817
140823
140828
140829
140835
140838
140842
140855
140857
140859
140862
140864
140867
140871
140874
140883
140886
140887
140891
140899
140900
140902
140904
140905
140907
140909
140910
140911
140913
140914
140920
140924
140927
140932
140934
140936
140937
140947
140948
140950
140952
140954
140957
140958
140962
140964
140965
140982
140983
140986
140987
141003
141030
141086
141087
141093
141098
141156
141179
141189
141190
141227
141237
141261
141325
141332
141353
141407
141484
141502
141510
141522
141585
141586
141589
141649
141666
141742
141787
141797
141927
141953
141964
141996
142025
142026
142046
142075
142094
142129
142158
142244
142293
142300
142336
142576
142680
142695
142727
142729
142731
142732
142751
142754
142771
142776
142782
142784
142800
142813
142822
142838
142841
142844
142849
142853
142856
142857
142861
142864
142865
142866
142888
142891
142906
142910
142913
142918
142927
142942
142943
142947
142951
142952
142958
142966
142968
142971
142972
142974
142985
142991
142992
142993
143012
143014
143024
143026
143055
143069
143076
143084
143086
143090
143093
143095
143096
143097
143108
143113
143125
143128
143139
143172
143179
143185
143188
143198
143205
143209
143216
143237
143239
143244
143248
143254
143258
143259
143263
143266
143287
143294
143325
143330
143331
143341
143342
143343
143367
143372
143374
143390
143397
143404
143407
143416
143426
143428
143430
143432
143439
143441
143451
143462
143463
143472
143474
143476
143482
143493
143498
143501
143507
143513
143519
143526
143530
143531
143539
143548
143550
143558
143579
143584
143585
143590
143670
143714
143716
143719
143796
143851
143864
143876
143901
143915
144070
144166
144273
144296
144311
144324
144359
144361
144423
144484
144487
144496
144547
144549
144555
144558
144560
144561
144562
144566
144568
144588
144592
144597
144642
144644
144651
144652
144653
144662
144666
144677
144682
144685
144694
144708
144709
144721
144737
144743
144747
144760
144761
144770
144776
144785
144798
144802
144812
144829
144840
144841
144843
144844
144846
144851
144873
144876
144877
144901
144905
144908
144909
144911
144963
144993
145026
145055
145066
145111
145115
145189
145215
145259
145293
145332
145396
145495
145497
145538
145573
145682
145701
146000
146015
146068
146078
146088
146144
146149
146153
146155
146158
146166
146173
146174
146178
146184
146186
146188
146196
146199
146200
146201
146205
146209
146210
146214
146216
146221
146228
146238
146243
146277
146280
146288
146291
146293
146299
146301
146302
146305
146311
146313
146317
146319
146321
146324
146325
146326
146327
146332
146336
146338
146344
146354
146356
146372
146383
146389
146390
146395
146402
146412
146418
146431
146433
146442
146448
146459
146464
146470
146476
146478
146480
146484
146487
146492
146498
146500
146501
146504
146511
146515
146516
146521
146524
146528
146540
146545
146548
146549
146550
146555
146557
146560
146563
146564
146572
146574
146576
146583
146591
146597
146599
146601
146608
146616
146623
146625
146631
146632
146637
146638
146645
146646
146666
146669
146677
146683
146689
146697
146698
146699
146700
146701
146702
146708
146719
146726
146744
146748
146751
146752
146757
146763
146765
146767
146772
146773
146774
146775
146786
146807
146809
146810
146826
146842
146849
146850
146853
146854
146861
146871
146872
146880
146882
146890
146911
146913
146915
146931
146939
146941
146949
146956
146958
146961
146962
146966
146969
146974
146979
146981
146985
146989
146991
146994
147002
147008
147013
147014
147018
147019
147020
147023
147024
147028
147029
147032
147033
147039
147048
147085
147087
147089
147090
147093
147094
147103
147115
147117
147125
147316
147366
147386
147422
147436
147482
147493
147538
147571
147609
147654
147678
147699
147791
147822
147848
147913
147914
148000
148029
148070
148072
148105
148195
148200
148224
148276
148287
148297
148340
148398
148446
148472
148532
148552
148557
148561
148605
148630
148684
148694
148717
148738
148823
148839
148920
148929
149051
149215
149253
149292
149365
149510
149517
149524
149533
149589
149647
149652
149725
149749
149767
149771
149791
149831
149857
149860
149867
150043
150047
150058
150093
150118
150231
150237
150282
150287
150296
150308
150432
150443
150449
150470
150472
150477
150488
150497
150499
150510
150520
150521
150543
150545
150547
150549
150551
150585
150588
150593
150612
150616
150625
150636
150640
150641
150647
150652
150654
150662
150675
150677
150685
150687
150697
150710
150711
150714
150717
150728
150734
150739
150743
150748
150754
150758
150780
150800
150810
150816
150818
150822
150824
150828
150845
150852
150853
150856
150857
150873
150874
150878
150883
150887
150889
150891
150893
150897
150907
150912
150913
150923
150929
150931
150934
150937
150940
150951
150953
150956
150970
150974
150975
150976
150981
150982
150998
151007
151010
151033
151040
151066
151074
151086
151088
151099
151101
151106
151110
151125
151136
151143
151151
151160
151163
151166
151171
151174
151179
151186
151191
151194
151202
151231
151236
151241
151242
151244
151247
151253
151258
151268
151270
151272
151276
151277
151285
151290
151293
151295
151296
151298
151302
151303
151304
151313
151315
151317
151318
151319
151320
151321
151323
151327
151334
151347
151349
151358
151359
151369
151371
151375
151377
151379
151385
151386
151390
151395
151398
151399
151405
151418
151421
151431
151442
151451
151461
151465
151467
151471
151479
151491
151492
151494
151496
151503
151510
151512
151521
151523
151524
151525
151526
151529
151531
151532
151537
151538
151539
151543
151545
151546
151554
151555
151557
151562
151563
151564
151566
151567
151570
151572
151573
151580
151581
151583
151588
151591
151593
151597
151604
151609
151610
151611
151612
151613
151614
151615
151620
151621
151623
151626
151630
151631
151639
151640
151641
151649
151650
151653
151660
151663
151664
151670
151673
151677
151681
151682
151684
151685
151686
151687
151688
151689
151694
151698
151700
151701
151702
151707
151708
151709
151710
151711
151712
151713
151715
151716
151720
151723
151724
151725
151732
151736
151737
151748
151750
151757
151760
151769
151771
151781
151783
151790
151795
151803
151806
151810
151814
151815
151816
151818
151821
151822
151827
151828
151831
151837
151840
151843
151852
151853
151861
151865
151871
151878
151885
151886
151900
151906
151912
151913
151916
151921
151922
151925
151927
151935
151937
151939
151953
151956
151958
151976
151978
151980
152033
152049
152050
152063
152073
152074
152076
152077
152086
152091
152095
152103
152105
152107
152110
152117
152120
152122
152135
152137
152138
152140
152141
152142
152148
152181
152187
152189
152191
152193
152195
152196
152197
152199
152222
152233
152235
152242
152278
152287
152319
152342
152379
152395
152463
152471
152491
152524
152535
152579
152597
152616
152752
152795
152905
152950
153176
153235
153236
153247
153257
153262
153270
153288
153289
153290
153292
153294
153311
153315
153336
153349
153350
153359
153363
153381
153390
153391
153399
153405
153406
153413
153418
153421
153422
153424
153425
153427
153435
153439
153462
153468
153481
153482
153483
153486
153492
153498
153504
153505
153507
153509
153518
153521
153522
153528
153532
153535
153541
153550
153579
153585
153587
153599
153600
153605
153633
153645
153653
153658
153665
153667
153668
153678
153682
153683
153685
153705
153715
153720
153728
153741
153746
153748
153749
153762
153765
153779
153786
153791
153795
153797
153798
153801
153804
153807
153812
153814
153819
153829
153834
153839
153840
153846
153847
153852
153858
153860
153872
153873
153874
153875
153887
153888
153889
153892
153893
153908
153915
153917
153919
153920
153925
153934
153943
153948
153957
153970
153974
153997
154011
154019
154025
154053
154054
154059
154061
154062
154063
154064
154065
154066
154067
154068
154070
154074
154076
154077
154079
154080
154081
154082
154085
154086
154087
154088
154089
154094
154095
154096
154097
154098
154100
154102
154108
154112
154117
154128
154129
154134
154137
154141
154151
154157
154168
154175
154184
154192
154200
154214
154218
154219
154225
154230
154234
154235
154237
154258
154259
154268
154273
154274
154281
154288
154300
154301
154310
154321
154327
154330
154332
154350
154354
154355
154365
154369
154381
154386
154394
154399
154402
154403
154414
154416
154425
154429
154434
154436
154437
154438
154442
154448
154453
154456
154458
154472
154473
154475
154484
154487
154494
154498
154499
154501
154512
154513
154514
154527
154532
154543
154546
154556
154557
154567
154568
154569
154572
154575
154584
154585
154601
154605
154607
154608
154612
154621
154623
154626
154630
154640
154646
154659
154662
154663
154673
154676
154681
154686
154688
154689
154694
154699
154701
154703
154704
154705
154712
154716
154719
154722
154723
154724
154728
154731
154737
154746
154750
154752
154753
154754
154757
154759
154760
154761
154763
154778
154785
154788
154790
154792
154795
154801
154802
154810
154812
154813
154832
154837
154842
154851
154854
154855
154856
154858
154859
154863
154867
154868
154876
154886
154910
154912
154920
154924
154925
154928
154929
154932
154942
154949
154951
154955
154957
154960
154965
154971
154974
154978
154980
154983
154984
154986
154988
154996
154999
155002
155003
155004
155007
155014
155015
155016
155017
155018
155030
155032
155037
155040
155048
155053
155054
155057
155058
155059
155061
155065
155066
155072
155074
155075
155077
155078
155080
155082
155084
155087
155093
155101
155103
155104
155118
155119
155122
155143
155144
155146
155157
155158
155164
155172
155175
155180
155181
155190
155193
155196
155197
155206
