0	2958
1	1658
10	808
100	141
1000	17
10000	636
100000	156
1000000	11
1001	18
1002	21
1003	22
1004	19
1005	32
1006	20
1007	29
1008	20
1009	31
101	151
1010	27
1010000	13
1011	23
1012	28
1013	25
1014	18
1015	19
1016	17
1017	30
1018	22
1019	31
102	129
1020	24
1020000	18
1021	25
1022	24
1023	19
1024	17
1025	32
1026	33
1027	23
1028	34
1029	17
103	134
1030	21
1030000	16
1031	27
1032	28
1033	29
1034	25
1035	19
1036	29
1037	21
1038	35
1039	27
104	130
1040	23
1040000	19
1041	25
1042	27
1043	25
1044	33
1045	27
1046	18
1047	21
1048	22
1049	35
105	96
1050	22
1050000	22
1051	24
1052	17
1053	24
1054	30
1055	24
1056	31
1057	21
1058	19
1059	25
106	130
1060	25
1060000	19
1061	34
1062	18
1063	24
1064	22
1065	17
1066	28
1067	29
1068	23
1069	27
107	127
1070	19
1070000	22
1071	34
1072	25
1073	28
1074	19
1075	26
1076	28
1077	25
1078	18
1079	25
108	151
1080	30
1080000	14
1081	20
1082	28
1083	26
1084	15
1085	21
1086	17
1087	21
1088	28
1089	26
109	119
1090	23
1090000	23
1091	14
1092	26
1093	24
1094	19
1095	19
1096	26
1097	26
1098	27
1099	27
11	726
110	147
1100	19
11000	1210
110000	243
1100000	13
1101	22
1102	27
1103	27
1104	32
1105	22
1106	16
1107	21
1108	20
1109	26
111	134
1110	28
1110000	20
1111	21
1112	29
1113	27
1114	16
1115	21
1116	23
1117	27
1118	24
1119	25
112	141
1120	14
1120000	24
1121	22
1122	17
1123	23
1124	22
1125	33
1126	20
1127	24
1128	29
11280000	1
1129	18
113	112
1130	24
1130000	9
1131	24
1132	34
1133	20
1134	25
1135	20
1136	19
1137	26
1138	32
1139	25
114	121
1140	16
1140000	13
1141	14
1142	35
1143	29
1144	24
1145	24
1146	21
1147	25
1148	20
1149	19
115	144
1150	12
1150000	16
1151	25
1152	22
1153	24
1154	18
1155	28
1156	23
1157	21
1158	23
1159	29
116	127
1160	22
1160000	16
1161	19
1162	18
1163	21
1164	20
1165	37
1166	15
1167	18
1168	29
1169	18
117	118
1170	10
1170000	15
1171	15
1172	13
1173	28
1174	22
1175	23
1176	28
1177	25
1178	18
1179	27
118	134
1180	14
1180000	16
1181	14
1182	20
1183	24
1184	20
1185	15
1186	25
1187	19
1188	18
1189	24
119	131
1190	20
1190000	17
1191	18
1192	20
1193	18
1194	25
1195	28
1196	22
1197	20
1198	17
1199	14
12	703
120	112
1200	22
12000	1005
120000	268
1200000	14
1201	23
1202	19
1203	17
1204	17
1205	29
1206	22
1207	29
1208	27
1209	25
121	109
1210	22
1210000	12
1211	24
1212	20
1213	16
1214	16
1215	21
1216	23
1217	19
1218	21
1219	22
122	91
1220	20
1220000	18
1221	23
1222	16
1223	22
1224	18
1225	31
1226	21
1227	14
1228	18
1229	18
123	109
1230	28
1230000	26
1231	19
1232	13
1233	22
1234	20
1235	22
1236	15
1237	21
1238	22
1239	22
124	105
1240	31
1240000	16
1241	17
1242	21
1243	17
1244	19
1245	30
1246	24
1247	24
1248	16
1249	20
125	111
1250	22
1250000	16
1251	21
1252	26
1253	26
1254	21
1255	20
1256	25
1257	23
1258	26
1259	19
126	101
1260	21
1260000	21
1261	27
1262	19
1263	19
1264	23
1265	25
1266	27
1267	15
1268	27
1269	21
127	126
1270	17
1270000	14
1271	18
1272	22
1273	20
1274	18
1275	18
1276	14
1277	15
1278	22
1279	14
128	115
1280	13
1280000	8
1281	22
1282	20
1283	22
1284	24
1285	21
1286	22
1287	16
1288	29
1289	22
129	142
1290	20
1290000	16
1291	15
1292	24
1293	18
1294	18
1295	17
1296	12
1297	27
1298	12
1299	30
13	635
130	106
1300	26
13000	940
130000	179
1300000	18
1301	16
1302	15
1303	17
1304	19
1305	22
1306	26
1307	17
1308	11
1309	19
131	111
1310	20
1310000	15
1311	25
1312	20
1313	15
1314	17
1315	20
1316	23
1317	16
1318	22
1319	22
132	112
1320	22
1320000	17
1321	28
1322	19
1323	24
1324	19
1325	16
1326	23
1327	18
1328	15
1329	16
133	110
1330	18
1330000	15
1331	16
1332	19
1333	19
1334	18
1335	13
1336	21
1337	17
1338	18
1339	17
134	106
1340	10
1340000	19
1341	11
1342	18
1343	14
1344	21
1345	23
1346	20
1347	36
1348	29
1349	15
135	97
1350	13
1350000	5
1351	24
1352	17
1353	27
1354	11
1355	17
1356	16
1357	12
1358	24
1359	17
136	107
1360	9
1360000	10
1361	20
1362	18
1363	10
1364	16
1365	21
1366	27
1367	11
1368	20
1369	18
137	108
1370	17
1370000	17
1371	19
1372	15
1373	22
1374	17
1375	22
1376	22
1377	18
1378	14
1379	15
138	98
1380	14
1380000	16
1381	18
1382	23
1383	24
1384	17
1385	23
1386	24
1387	18
1388	19
1389	23
139	102
1390	19
1390000	24
1391	21
1392	23
1393	19
1394	16
1395	11
1396	22
1397	17
1398	19
1399	17
14	589
140	119
1400	19
14000	790
140000	185
1400000	11
1401	14
1402	14
1403	18
1404	19
1405	17
1406	23
1407	15
1408	25
1409	23
141	102
1410	19
1410000	18
1411	15
1412	15
1413	25
1414	18
1415	25
1416	19
1417	19
1418	18
1419	20
142	113
1420	23
1420000	14
1421	21
1422	16
1423	23
1424	18
1425	20
1426	20
1427	20
1428	18
1429	18
143	112
1430	18
1430000	11
1431	22
1432	17
1433	17
1434	19
1435	16
1436	17
1437	9
1438	28
1439	13
144	91
1440	11
1440000	8
1441	14
1442	26
1443	18
1444	17
1445	13
1446	12
1447	22
1448	24
1449	18
145	103
1450	24
1450000	15
1451	24
1452	14
1453	27
1454	19
1455	21
1456	12
1457	16
1458	12
1459	20
146	109
1460	17
1460000	15
1461	17
1462	22
1463	15
1464	20
1465	17
1466	16
1467	16
1468	13
1469	24
147	108
1470	21
1470000	13
1471	18
1472	18
1473	15
1474	20
1475	18
1476	26
1477	24
1478	15
1479	16
148	119
1480	26
1480000	9
1481	20
1482	22
1483	12
1484	16
1485	22
1486	22
1487	15
1488	16
1489	19
149	102
1490	17
1490000	8
1491	16
1492	20
1493	13
1494	19
1495	18
1496	23
1497	13
1498	17
1499	28
15	560
150	104
1500	15
15000	703
150000	164
1500000	15
1501	17
1502	21
1503	13
1504	15
1505	18
1506	12
1507	20
1508	18
1509	19
151	120
1510	18
1510000	8
1511	13
1512	17
1513	13
1514	15
1515	21
1516	20
1517	19
1518	21
1519	23
152	122
1520	12
1520000	17
1521	19
1522	17
1523	9
1524	14
1525	18
1526	16
1527	8
1528	21
1529	16
153	99
1530	12
1530000	11
1531	18
1532	21
1533	21
1534	20
1535	15
1536	14
1537	20
1538	16
1539	19
154	87
1540	21
1540000	11
1541	18
1542	19
1543	15
1544	15
1545	16
1546	23
1547	22
1548	18
1549	17
155	111
1550	11
1550000	17
1551	16
1552	19
1553	17
1554	18
1555	21
1556	15
1557	4
1558	17
1559	16
156	91
1560	11
1560000	14
1561	13
1562	14
1563	20
1564	21
1565	15
1566	23
1567	23
1568	12
1569	15
157	85
1570	14
1570000	11
1571	22
1572	16
1573	15
1574	19
1575	8
1576	18
1577	10
1578	14
1579	12
158	103
1580	18
1580000	18
1581	15
1582	14
1583	15
1584	25
1585	10
1586	19
1587	9
1588	23
1589	16
159	90
1590	19
1590000	12
1591	20
1592	20
1593	18
1594	22
1595	10
1596	12
1597	15
1598	18
1599	15
16	544
160	97
1600	9
16000	612
160000	150
1600000	7
1601	21
1602	23
1603	9
1604	17
1605	11
1606	11
1607	15
1608	18
1609	15
161	107
1610	23
1610000	17
1611	14
1612	18
1613	22
1614	17
1615	23
1616	10
1617	17
1618	14
1619	17
162	89
1620	12
1620000	8
1621	17
1622	17
1623	14
1624	11
1625	22
1626	13
1627	15
1628	17
1629	18
163	101
1630	22
1630000	6
1631	26
1632	17
1633	18
1634	12
1635	15
1636	16
1637	19
1638	18
1639	18
164	101
1640	17
1640000	13
1641	17
1642	15
1643	13
1644	16
1645	19
1646	17
1647	14
1648	14
1649	25
165	101
1650	17
1650000	9
1651	20
1652	25
1653	17
1654	23
1655	18
1656	17
1657	23
1658	25
1659	20
166	111
1660	21
1660000	8
1661	11
1662	15
1663	10
1664	14
1665	12
1666	14
1667	17
1668	14
1669	19
167	98
1670	18
1670000	10
1671	15
1672	14
1673	23
1674	17
1675	14
1676	15
1677	14
1678	16
1679	13
168	77
1680	16
1680000	6
1681	18
1682	13
1683	13
1684	16
1685	22
1686	17
1687	11
1688	17
1689	17
169	87
1690	15
1690000	9
1691	23
1692	22
1693	13
1694	10
1695	11
1696	16
1697	25
1698	21
1699	16
17	484
170	88
1700	7
17000	622
170000	149
1700000	8
1701	10
1702	18
1703	11
1704	16
1705	24
1706	14
1707	10
1708	7
1709	13
171	88
1710	10
1710000	10
1711	7
1712	14
1713	20
1714	13
1715	18
1716	20
1717	9
1718	14
1719	7
172	95
1720	12
1720000	11
1721	18
1722	15
1723	22
1724	15
1725	14
1726	9
1727	12
1728	12
1729	18
173	89
1730	18
1730000	9
1731	16
1732	8
1733	6
1734	13
1735	8
1736	16
1737	15
1738	9
1739	13
174	93
1740	13
1740000	14
1741	13
1742	18
1743	16
1744	19
1745	11
1746	14
1747	17
1748	17
1749	11
175	96
1750	11
1750000	8
1751	11
1752	11
1753	12
1754	15
1755	25
1756	22
1757	14
1758	14
1759	15
176	114
1760	16
1760000	8
1761	17
1762	21
1763	12
1764	17
1765	18
1766	14
1767	18
1768	16
1769	17
177	92
1770	23
1770000	10
1771	12
1772	12
1773	11
1774	15
1775	15
1776	14
1777	16
1778	13
1779	14
178	97
1780	18
1780000	7
1781	13
1782	12
1783	10
1784	19
1785	15
1786	12
1787	13
1788	9
1789	11
179	80
1790	7
1790000	8
1791	17
1792	20
1793	17
1794	14
1795	8
1796	15
1797	15
1798	13
1799	13
18	482
180	78
1800	17
18000	507
180000	120
1800000	13
1801	13
1802	27
1803	13
1804	10
1805	14
1806	11
1807	10
1808	9
1809	14
181	82
1810	11
1810000	13
1811	11
1812	19
1813	16
1814	9
1815	11
1816	18
1817	11
1818	21
1819	11
182	102
1820	16
1820000	4
1821	19
1822	17
1823	9
1824	13
1825	19
1826	16
1827	10
1828	13
1829	13
183	104
1830	11
1830000	5
1831	9
1832	13
1833	19
1834	11
1835	11
1836	10
1837	12
1838	18
1839	12
184	91
1840	22
1840000	9
1841	14
1842	18
1843	10
1844	20
1845	11
1846	14
1847	14
1848	17
1849	13
185	99
1850	16
1850000	10
1851	14
1852	11
1853	13
1854	16
1855	12
1856	12
1857	14
1858	19
1859	11
186	92
1860	13
1860000	7
1861	16
1862	13
1863	15
1864	8
1865	15
1866	14
1867	19
1868	18
1869	12
187	87
1870	12
1870000	8
1871	10
1872	13
1873	16
1874	15
1875	12
1876	13
1877	14
1878	18
1879	15
188	81
1880	10
1880000	4
1881	11
1882	8
1883	22
1884	15
1885	17
1886	15
1887	16
1888	10
1889	9
189	72
1890	8
1890000	6
1891	12
1892	10
1893	16
1894	20
1895	16
1896	9
1897	13
1898	10
1899	14
19	438
190	89
1900	16
19000	475
190000	106
1900000	7
1901	14
1902	13
1903	15
1904	16
1905	20
1906	17
1907	24
1908	15
1909	22
191	102
1910	13
1910000	8
1911	11
1912	20
1913	13
1914	8
1915	20
1916	14
1917	12
1918	15
1919	14
192	89
1920	9
1920000	5
1921	11
1922	8
1923	10
1924	15
1925	14
1926	7
1927	16
1928	19
1929	14
193	91
1930	20
1930000	11
1931	13
1932	12
1933	12
1934	16
1935	11
1936	14
1937	15
1938	9
1939	9
194	90
1940	14
1940000	6
1941	18
1942	15
1943	13
1944	14
1945	13
1946	13
1947	11
1948	9
1949	20
195	74
1950	12
1950000	7
1951	12
1952	15
1953	10
1954	11
1955	14
1956	13
1957	17
1958	8
1959	9
196	85
1960	9
1960000	8
1961	12
1962	8
1963	15
1964	11
1965	22
1966	11
1967	15
1968	13
1969	7
197	85
1970	16
1970000	6
1971	19
1972	15
1973	14
1974	13
1975	14
1976	16
1977	12
1978	17
1979	12
198	81
1980	9
1980000	4
1981	12
1982	18
1983	13
1984	10
1985	16
1986	14
1987	19
1988	12
1989	16
199	95
1990	17
1990000	12
1991	15
1992	8
1993	14
1994	13
1995	8
1996	10
1997	14
1998	15
1999	14
2	1399
20	431
200	92
2000	9
20000	409
200000	97
2000000	4
2001	13
2002	13
2003	20
2004	13
2005	7
2006	20
2007	13
2008	18
2009	10
201	88
2010	16
2010000	8
2011	17
2012	9
2013	16
2014	10
2015	10
2016	11
2017	13
2018	10
2019	8
202	89
2020	12
2020000	14
2021	13
2022	13
2023	14
2024	13
2025	10
2026	11
2027	12
2028	10
2029	9
203	83
2030	12
2030000	9
2031	13
2032	9
2033	9
2034	19
2035	13
2036	11
2037	11
2038	14
2039	22
204	89
2040	11
2040000	8
2041	11
2042	10
2043	14
2044	16
2045	13
2046	8
2047	12
2048	14
2049	8
205	65
2050	11
2050000	9
2051	18
2052	12
2053	10
2054	11
2055	15
2056	11
2057	19
2058	18
2059	9
206	75
2060	16
2060000	3
2061	10
2062	14
2063	24
2064	14
2065	20
2066	10
2067	20
2068	11
2069	16
207	75
2070	8
2070000	5
2071	11
2072	10
2073	14
2074	8
2075	10
2076	8
2077	16
2078	14
2079	10
208	82
2080	10
2080000	6
2081	14
2082	13
2083	13
2084	11
2085	16
2086	9
2087	11
2088	18
2089	8
209	97
2090	18
2090000	7
2091	7
2092	7
2093	13
2094	12
2095	12
2096	7
2097	19
2098	11
2099	18
21	396
210	73
2100	9
21000	413
210000	92
2100000	3
2101	13
2102	8
2103	13
2104	13
2105	6
2106	11
2107	12
2108	13
2109	9
211	79
2110	13
2110000	7
2111	12
2112	11
2113	11
2114	15
2115	11
2116	12
2117	11
2118	11
2119	17
212	85
2120	6
2120000	4
2121	12
2122	12
2123	10
2124	13
2125	18
2126	10
2127	10
2128	11
2129	20
213	84
2130	15
2130000	7
2131	14
2132	16
2133	15
2134	12
2135	7
2136	10
2137	15
2138	11
2139	10
214	88
2140	10
2140000	4
2141	9
2142	16
2143	18
2144	18
2145	10
2146	9
2147	7
2148	13
2149	12
215	86
2150	10
2150000	8
2151	13
2152	10
2153	10
2154	11
2155	13
2156	7
2157	5
2158	13
2159	13
216	91
2160	8
2160000	1
2161	12
2162	12
2163	14
2164	11
2165	7
2166	8
2167	16
2168	12
2169	9
217	77
2170	14
2170000	8
2171	10
2172	14
2173	9
2174	7
2175	14
2176	12
2177	17
2178	10
2179	13
218	81
2180	9
2180000	6
2181	10
2182	18
2183	12
2184	10
2185	15
2186	13
2187	8
2188	18
2189	11
219	93
2190	16
2190000	6
2191	9
2192	8
2193	14
2194	10
2195	9
2196	12
2197	14
2198	11
2199	12
22	360
220	88
2200	14
22000	374
220000	85
2200000	6
2201	13
2202	14
2203	11
2204	12
2205	12
2206	7
2207	18
2208	18
2209	8
221	73
2210	6
2210000	5
2211	16
2212	11
2213	9
2214	7
2215	11
2216	12
2217	13
2218	16
2219	10
222	75
2220	13
2220000	7
2221	7
2222	12
2223	13
2224	10
2225	9
2226	5
2227	6
2228	8
2229	9
223	63
2230	8
2230000	8
2231	15
2232	7
2233	14
2234	10
2235	10
2236	7
2237	7
2238	8
2239	10
224	65
2240	7
2240000	2
2241	12
2242	12
2243	12
2244	10
2245	13
2246	11
2247	17
2248	13
2249	7
225	86
2250	10
2250000	7
2251	12
2252	11
2253	13
2254	8
2255	11
2256	17
2257	10
2258	14
2259	9
226	89
2260	7
2260000	7
2261	12
2262	15
2263	15
2264	12
2265	17
2266	17
2267	14
2268	10
2269	15
227	87
2270	10
2270000	7
2271	16
2272	9
2273	10
2274	13
2275	15
2276	15
2277	6
2278	4
2279	13
228	64
2280	9
2280000	9
2281	9
2282	9
2283	10
2284	17
2285	6
2286	11
2287	11
2288	6
2289	12
229	68
2290	11
2290000	6
2291	8
2292	7
2293	12
2294	11
2295	15
2296	9
2297	16
2298	10
2299	9
23	361
230	99
2300	9
23000	342
230000	70
2300000	6
2301	9
2302	9
2303	8
2304	10
2305	6
2306	14
2307	11
2308	8
2309	12
231	78
2310	10
2310000	11
2311	16
2312	11
2313	10
2314	13
2315	12
2316	6
2317	11
2318	14
2319	7
232	74
2320	10
2320000	5
2321	8
2322	10
2323	14
2324	12
2325	7
2326	3
2327	9
2328	12
2329	7
233	65
2330	13
2330000	8
2331	8
2332	14
2333	18
2334	15
2335	14
2336	6
2337	6
2338	21
2339	8
234	63
2340	10
2340000	3
2341	14
2342	15
2343	20
2344	13
2345	9
2346	8
2347	10
2348	7
2349	10
235	71
2350	16
2350000	4
2351	11
2352	9
2353	12
2354	11
2355	13
2356	9
2357	9
2358	11
2359	7
236	73
2360	7
2360000	9
2361	21
2362	13
2363	9
2364	9
2365	13
2366	9
2367	8
2368	10
2369	8
237	80
2370	7
2370000	3
2371	11
2372	10
2373	8
2374	12
2375	11
2376	11
2377	10
2378	9
2379	4
238	81
2380	13
2380000	1
2381	14
2382	10
2383	15
2384	10
2385	5
2386	10
2387	10
2388	15
2389	13
239	84
2390	13
2390000	4
2391	7
2392	13
2393	9
2394	6
2395	17
2396	5
2397	9
2398	9
2399	10
24	353
240	81
2400	8
24000	351
240000	56
2400000	5
2401	5
2402	11
2403	15
2404	15
2405	6
2406	9
2407	7
2408	14
2409	8
241	69
2410	13
2410000	6
2411	12
2412	10
2413	8
2414	13
2415	16
2416	11
2417	11
2418	14
2419	8
242	79
2420	15
2420000	5
2421	14
2422	14
2423	10
2424	7
2425	6
2426	8
2427	14
2428	20
2429	16
243	82
2430	13
2430000	4
2431	5
2432	9
2433	11
2434	7
2435	13
2436	18
2437	17
2438	13
2439	13
244	85
2440	5
2440000	7
2441	9
2442	18
2443	15
2444	11
2445	8
2446	11
2447	7
2448	12
2449	9
245	62
2450	8
2450000	6
2451	13
2452	9
2453	8
2454	8
2455	8
2456	13
2457	15
2458	10
2459	13
246	79
2460	15
2460000	5
2461	8
2462	10
2463	11
2464	5
2465	12
2466	7
2467	9
2468	12
2469	10
247	84
2470	10
2470000	9
2471	7
2472	16
2473	13
2474	11
2475	7
2476	9
2477	9
2478	7
2479	11
248	84
2480	9
2480000	5
2481	14
2482	13
2483	8
2484	8
2485	12
2486	9
2487	11
2488	8
2489	10
249	78
2490	11
2490000	4
2491	7
2492	16
2493	8
2494	11
2495	12
2496	15
2497	7
2498	9
2499	14
25	336
250	68
2500	13
25000	321
250000	70
2500000	9
2501	10
2502	11
2503	8
2504	12
2505	13
2506	5
2507	9
2508	9
2509	11
251	78
2510	9
2511	15
2512	18
2513	7
2514	11
2515	7
2516	8
2517	10
2518	12
2519	10
252	79
2520	9
2520000	4
2521	10
2522	8
2523	18
2524	6
2525	11
2526	5
2527	9
2528	6
2529	9
253	81
2530	8
2530000	3
2531	14
2532	10
2533	19
2534	12
2535	9
2536	8
2537	10
2538	8
2539	7
254	72
2540	8
2540000	7
2541	9
2542	10
2543	13
2544	5
2545	15
2546	6
2547	8
2548	11
2549	10
255	65
2550	7
2550000	7
2551	14
2552	8
2553	9
2554	13
2555	7
2556	15
2557	10
2558	8
2559	9
256	73
2560	11
2560000	9
2561	10
2562	11
2563	6
2564	10
2565	10
2566	8
2567	10
2568	11
2569	13
257	62
2570	7
2570000	1
2571	5
2572	10
2573	8
2574	6
2575	11
2576	7
2577	15
2578	4
2579	9
258	79
2580	11
2580000	5
2581	7
2582	15
2583	11
2584	10
2585	10
2586	9
2587	8
2588	12
2589	10
259	78
2590	12
2590000	4
2591	9
2592	10
2593	12
2594	6
2595	11
2596	6
2597	10
2598	7
2599	9
26	330
260	72
2600	6
26000	288
260000	64
2600000	2
2601	9
2602	11
2603	5
2604	10
2605	12
2606	4
2607	16
2608	10
2609	10
261	67
2610	10
2610000	6
2611	8
2612	8
2613	15
2614	13
2615	8
2616	16
2617	10
2618	9
2619	12
262	84
2620	8
2620000	4
2621	8
2622	10
2623	11
2624	10
2625	11
2626	11
2627	10
2628	10
2629	14
263	72
2630	16
2630000	6
2631	10
2632	10
2633	8
2634	7
2635	10
2636	10
2637	10
2638	6
2639	7
264	65
2640	12
2640000	8
2641	9
2642	9
2643	11
2644	14
2645	11
2646	11
2647	11
2648	12
2649	12
265	75
2650	10
2650000	4
2651	12
2652	6
2653	3
2654	8
2655	10
2656	13
2657	8
2658	15
2659	5
266	63
2660	5
2660000	2
2661	8
2662	10
2663	13
2664	6
2665	7
2666	12
2667	9
2668	10
2669	5
267	68
2670	8
2670000	5
2671	9
2672	5
2673	9
2674	10
2675	12
2676	11
2677	7
2678	4
2679	14
268	61
2680	11
2680000	6
2681	6
2682	5
2683	9
2684	10
2685	10
2686	13
2687	9
2688	8
2689	9
269	80
2690	10
2690000	3
2691	7
2692	3
2693	14
2694	8
2695	8
2696	6
2697	9
2698	12
2699	7
27	320
270	68
2700	10
27000	259
270000	59
2700000	4
2701	12
2702	4
2703	10
2704	10
2705	11
2706	5
2707	10
2708	8
2709	8
271	55
2710	10
2710000	2
2711	11
2712	8
2713	14
2714	10
2715	9
2716	8
2717	8
2718	4
2719	5
272	77
2720	14
2720000	1
2721	9
2722	13
2723	8
2724	13
2725	6
2726	11
2727	9
2728	12
2729	11
273	63
2730	15
2730000	5
2731	8
2732	11
2733	10
2734	10
2735	12
2736	8
2737	10
2738	7
2739	7
274	71
2740	9
2740000	4
2741	12
2742	12
2743	4
2744	9
2745	10
2746	10
2747	10
2748	7
2749	6
275	59
2750	6
2750000	7
2751	7
2752	8
2753	11
2754	6
2755	9
2756	16
2757	12
2758	8
2759	13
276	77
2760	9
2760000	4
2761	10
2762	9
2763	6
2764	7
2765	8
2766	13
2767	3
2768	11
2769	9
277	63
2770	9
2770000	5
2771	5
2772	7
2773	12
2774	11
2775	8
2776	7
2777	7
2778	5
2779	9
278	72
2780	12
2780000	5
2781	6
2782	13
2783	7
2784	9
2785	5
2786	11
2787	10
2788	11
2789	6
279	68
2790	5
2790000	4
2791	10
2792	8
2793	3
2794	8
2795	3
2796	10
2797	11
2798	12
2799	9
28	310
280	53
2800	5
28000	238
280000	44
2800000	5
2801	13
2802	12
2803	6
2804	8
2805	11
2806	14
2807	15
2808	8
2809	10
281	55
2810	12
2810000	3
2811	9
2812	9
2813	14
2814	4
2815	13
2816	9
2817	14
2818	10
2819	13
282	68
2820	4
2820000	1
2821	5
2822	6
2823	5
2824	10
2825	5
2826	5
2827	5
2828	8
2829	10
283	74
2830	9
2830000	3
2831	9
2832	5
2833	11
2834	6
2835	7
2836	12
2837	8
2838	8
2839	11
284	62
2840	7
2840000	2
2841	5
2842	8
2843	4
2844	10
2845	6
2846	7
2847	3
2848	10
2849	8
285	79
2850	7
2850000	2
2851	10
2852	10
2853	8
2854	13
2855	11
2856	3
2857	4
2858	7
2859	7
286	64
2860	10
2860000	1
2861	11
2862	12
2863	7
2864	11
2865	8
2866	5
2867	10
2868	6
2869	8
287	54
2870	5
2870000	2
2871	6
2872	12
2873	13
2874	3
2875	5
2876	11
2877	13
2878	7
2879	12
288	78
2880	12
2880000	2
2881	15
2882	12
2883	8
2884	8
2885	8
2886	6
2887	7
2888	9
2889	7
289	82
2890	10
2890000	1
2891	8
2892	12
2893	13
2894	7
2895	5
2896	9
2897	3
2898	9
2899	10
29	318
290	62
2900	11
29000	230
290000	50
2900000	2
2901	8
2902	9
2903	9
2904	7
2905	8
2906	12
2907	9
2908	7
2909	8
291	59
2910	7
2910000	1
2911	8
2912	9
2913	6
2914	9
2915	6
2916	10
2917	10
2918	6
2919	13
292	58
2920	6
2920000	2
2921	8
2922	11
2923	7
2924	7
2925	12
2926	4
2927	17
2928	9
2929	17
293	67
2930	1
2930000	1
2931	11
2932	7
2933	6
2934	6
2935	10
2936	5
2937	10
2938	10
2939	7
294	60
2940	10
2940000	2
2941	11
2942	3
2943	7
2944	5
2945	8
2946	10
2947	11
2948	7
2949	5
295	79
2950	11
2950000	1
2951	6
2952	8
2953	2
2954	9
2955	10
2956	4
2957	7
2958	3
2959	12
296	77
2960	3
2960000	7
2961	15
2962	12
2963	9
2964	7
2965	7
2966	8
2967	4
2968	8
2969	9
297	70
2970	9
2970000	2
2971	6
2972	5
2973	7
2974	5
2975	5
2976	8
2977	10
2978	10
2979	5
298	63
2980	8
2980000	1
2981	5
2982	4
2983	7
2984	6
2985	5
2986	9
2987	11
2988	6
2989	7
299	62
2990	9
2990000	2
2991	7
2992	12
2993	10
2994	4
2995	5
2996	6
2997	10
2998	10
2999	5
3	1299
30	313
300	67
3000	11
30000	253
300000	39
3000000	4
3001	10
3002	10
3003	10
3004	11
3005	6
3006	8
3007	7
3008	6
3009	7
301	64
3010	6
3010000	5
3011	6
3012	6
3013	5
3014	8
3015	10
3016	7
3017	5
3018	3
3019	10
302	61
3020	9
3020000	1
3021	6
3022	7
3023	10
3024	9
3025	7
3026	20
3027	8
3028	8
3029	6
303	58
3030	5
3030000	3
3031	12
3032	8
3033	2
3034	9
3035	8
3036	8
3037	8
3038	10
3039	13
304	71
3040	11
3040000	3
3041	5
3042	6
3043	8
3044	8
3045	6
3046	6
3047	9
3048	10
3049	11
305	64
3050	12
3050000	4
3051	13
3052	9
3053	12
3054	4
3055	11
3056	3
3057	13
3058	12
3059	4
306	60
3060	9
3061	6
3062	8
3063	7
3064	5
3065	6
3066	7
3067	3
3068	12
3069	4
307	72
3070	9
3070000	5
3071	9
3072	10
3073	2
3074	3
3075	10
3076	7
3077	8
3078	5
3079	6
308	60
3080	14
3080000	5
3081	12
3082	5
3083	5
3084	2
3085	8
3086	12
3087	9
3088	6
3089	11
309	57
3090	11
3090000	5
3091	11
3092	5
3093	4
3094	9
3095	7
3096	6
3097	7
3098	12
3099	6
31	284
310	69
3100	8
31000	222
310000	32
3100000	1
3101	13
3102	5
3103	11
3104	9
3105	8
3106	8
3107	6
3108	10
3109	4
311	67
3110	6
3110000	6
3111	7
3112	9
3113	11
3114	5
3115	7
3116	5
3117	9
3118	7
3119	6
312	59
3120	14
3120000	6
3121	8
3122	5
3123	6
3124	2
3125	12
3126	11
3127	6
3128	7
3129	12
313	69
3130	7
3130000	2
3131	8
3132	4
3133	6
3134	14
3135	12
3136	9
3137	8
3138	13
3139	14
314	80
3140	5
3140000	1
3141	9
3142	10
3143	7
3144	7
3145	8
3146	7
3147	5
3148	14
3149	11
315	65
3150	6
3150000	6
3151	7
3152	4
3153	9
3154	6
3155	11
3156	4
3157	3
3158	5
3159	9
316	61
3160	6
3160000	8
3161	11
3162	3
3163	5
3164	5
3165	7
3166	6
3167	5
3168	5
3169	7
317	71
3170	6
3170000	1
3171	6
3172	8
3173	11
3174	10
3175	11
3176	10
3177	5
3178	8
3179	5
318	69
3180	11
3180000	1
3181	8
3182	6
3183	9
3184	6
3185	6
3186	7
3187	13
3188	15
3189	6
319	57
3190	6
3190000	1
3191	6
3192	11
3193	8
3194	13
3195	8
3196	7
3197	4
3198	7
3199	6
32	282
320	61
3200	6
32000	205
320000	39
3200000	1
3201	7
3202	9
3203	7
3204	8
3205	6
3206	12
3207	7
3208	17
3209	6
321	65
3210	7
3210000	7
3211	5
3212	6
3213	7
3214	8
3215	8
3216	7
3217	6
3218	5
3219	5
322	57
3220	8
3220000	5
3221	7
3222	8
3223	8
3224	6
3225	10
3226	9
3227	9
3228	7
3229	9
323	64
3230	5
3230000	1
3231	8
3232	15
3233	10
3234	10
3235	7
3236	9
3237	11
3238	6
3239	6
324	76
3240	8
3240000	2
3241	5
3242	8
3243	8
3244	7
3245	8
3246	14
3247	10
3248	8
3249	4
325	71
3250	6
3250000	1
3251	9
3252	8
3253	4
3254	6
3255	11
3256	7
3257	9
3258	6
3259	15
326	58
3260	8
3260000	3
3261	8
3262	7
3263	3
3264	5
3265	9
3266	10
3267	7
3268	7
3269	6
327	62
3270	4
3270000	2
3271	8
3272	5
3273	9
3274	9
3275	6
3276	5
3277	4
3278	6
3279	13
328	65
3280	7
3280000	4
3281	8
3282	6
3283	9
3284	7
3285	4
3286	8
3287	6
3288	7
3289	2
329	50
3290	10
3290000	2
3291	7
3292	8
3293	3
3294	7
3295	13
3296	6
3297	12
3298	11
3299	10
33	270
330	73
3300	8
33000	192
330000	33
3301	9
3302	6
3303	7
3304	13
3305	6
3306	4
3307	9
3308	8
3309	8
331	57
3310	4
3311	5
3312	11
3313	7
3314	13
3315	8
3316	3
3317	4
3318	7
3319	6
332	58
3320	5
3320000	4
3321	14
3322	7
3323	7
3324	6
3325	9
3326	5
3327	6
3328	12
3329	7
333	67
3330	4
3330000	4
3331	9
3332	8
3333	9
3334	9
3335	3
3336	8
3337	7
3338	6
3339	8
334	62
3340	9
3341	3
3342	9
3343	5
3344	13
3345	5
3346	6
3347	6
3348	8
3349	8
335	61
3350	5
3351	5
3352	4
3353	5
3354	10
3355	5
3356	7
3357	10
3358	7
3359	4
336	60
3360	11
3360000	1
3361	7
3362	5
3363	10
3364	6
3365	11
3366	8
3367	11
3368	6
3369	3
337	58
3370	13
3370000	2
3371	3
3372	5
3373	5
3374	11
3375	5
3376	7
3377	5
3378	9
3379	10
338	63
3380	5
3380000	6
3381	8
3382	3
3383	9
3384	6
3385	10
3386	5
3387	10
3388	9
3389	5
339	66
3390	8
3390000	1
3391	8
3392	7
3393	23
3394	7
3395	3
3396	8
3397	8
3398	7
3399	5
34	279
340	62
3400	3
34000	169
340000	40
3400000	1
3401	7
3402	5
3403	4
3404	8
3405	6
3406	4
3407	11
3408	4
3409	4
341	53
3410	5
3411	6
3412	7
3413	4
3414	12
3415	8
3416	7
3417	5
3418	14
3419	9
342	47
3420	4
3420000	2
3421	9
3422	4
3423	4
3424	7
3425	5
3426	4
3427	2
3428	6
3429	3
343	55
3430	11
3430000	2
3431	6
3432	5
3433	6
3434	4
3435	4
3436	10
3437	11
3438	10
3439	4
344	67
3440	6
3440000	2
3441	8
3442	4
3443	4
3444	5
3445	8
3446	11
3447	10
3448	7
3449	8
345	60
3450	8
3450000	2
3451	4
3452	12
3453	14
3454	7
3455	9
3456	4
3457	7
3458	7
3459	10
346	54
3460	8
3461	7
3462	3
3463	5
3464	7
3465	3
3466	10
3467	6
3468	5
3469	9
347	65
3470	8
3471	4
3472	3
3473	3
3474	4
3475	5
3476	7
3477	5
3478	7
3479	4
348	72
3480	4
3481	4
3482	9
3483	8
3484	5
3485	4
3486	8
3487	7
3488	5
3489	12
349	58
3490	6
3490000	3
3491	8
3492	11
3493	4
3494	6
3495	6
3496	12
3497	6
3498	6
3499	8
35	296
350	58
3500	4
35000	162
350000	43
3500000	1
3501	7
3502	6
3503	10
3504	2
3505	4
3506	5
3507	9
3508	8
3509	5
351	64
3510	3
3510000	2
3511	11
3512	10
3513	7
3514	5
3515	8
3516	9
3517	7
3518	5
3519	12
352	65
3520	3
3520000	3
3521	3
3522	4
3523	8
3524	8
3525	6
3526	6
3527	8
3528	11
3529	1
353	57
3530	8
3530000	1
3531	5
3532	6
3533	10
3534	10
3535	6
3536	6
3537	5
3538	5
3539	12
354	49
3540	6
3541	14
3542	6
3543	6
3544	7
3545	12
3546	3
3547	6
3548	3
3549	10
355	60
3550	4
3550000	3
3551	4
3552	6
3553	5
3554	7
3555	4
3556	1
3557	9
3558	2
3559	9
356	58
3560	5
3562	5
3563	5
3564	5
3565	9
3566	4
3567	4
3568	7
3569	11
357	63
3570	7
3571	8
3572	4
3573	15
3574	3
3575	6
3576	2
3577	4
3578	2
3579	7
358	63
3580	2
3580000	3
3581	5
3582	7
3583	8
3584	4
3585	5
3586	4
3587	8
3588	10
3589	9
359	60
3590	11
3590000	1
3591	9
3592	5
3593	7
3594	7
3595	8
3596	5
3597	7
3598	8
3599	7
36	264
360	60
3600	5
36000	148
360000	43
3600000	2
3601	7
3602	8
3603	11
3604	4
3605	8
3606	9
3607	7
3608	5
3609	8
361	55
3610	8
3610000	1
3611	5
3612	7
3613	3
3614	5
3615	3
3616	4
3617	4
3618	11
3619	6
362	48
3620	6
3620000	2
3621	8
3622	9
3623	7
3624	4
3625	9
3626	11
3627	5
3628	4
363	61
3630	8
3631	4
3632	4
3633	3
3634	9
3635	7
3636	6
3637	5
3638	11
3639	5
364	63
3640	5
3640000	3
3641	4
3642	6
3643	6
3644	8
3645	7
3646	11
3647	8
3648	10
3649	5
365	58
3650	6
3650000	1
3651	6
3652	9
3653	8
3654	9
3655	7
3656	6
3657	10
3658	5
3659	14
366	77
3660	10
3661	7
3662	2
3663	7
3664	6
3665	4
3666	4
3667	3
3668	8
3669	8
367	62
3670	5
3670000	1
3671	5
3672	6
3673	12
3674	2
3675	10
3676	10
3677	7
3678	10
3679	4
368	65
3680	12
3681	9
3682	7
3683	3
3684	7
3685	5
3686	15
3687	9
3688	1
3689	7
369	47
3690	9
3691	10
3692	6
3693	2
3694	7
3695	4
3696	7
3697	11
3698	7
3699	5
37	287
370	47
3700	7
37000	149
370000	23
3701	8
3702	6
3703	10
3704	5
3705	6
3706	6
3707	5
3708	10
3709	3
371	48
3710	9
3711	5
3712	5
3713	4
3714	5
3715	7
3716	4
3717	10
3718	4
3719	3
372	58
3720	4
3720000	5
3721	7
3722	5
3723	7
3724	6
3725	12
3726	6
3727	8
3728	6
3729	4
373	60
3730	8
3731	3
3732	7
3733	5
3734	5
3735	8
3736	9
3737	2
3738	3
3739	10
374	57
3740	7
3741	8
3742	6
3743	7
3744	8
3745	6
3746	9
3747	8
3748	2
3749	4
375	40
3750	7
3751	3
3752	5
3753	6
3754	5
3755	5
3756	7
3757	10
3758	9
3759	11
376	62
3760	6
3761	5
3762	11
3763	2
3764	8
3765	3
3766	4
3767	7
3768	5
3769	7
377	52
3770	5
3770000	3
3771	4
3772	5
3773	5
3774	7
3775	6
3776	9
3777	7
3778	7
3779	4
378	54
3780	7
3781	8
3782	4
3783	4
3784	2
3785	4
3786	7
3787	6
3788	4
3789	2
379	57
3790	6
3790000	4
3791	6
3792	6
3793	6
3794	7
3795	6
3796	6
3797	5
3798	4
3799	6
38	267
380	54
3800	6
38000	150
380000	27
3800000	1
3801	3
3802	10
3803	5
3804	8
3805	3
3806	3
3807	6
3808	4
3809	8
381	56
3810	5
3810000	1
3811	4
3812	4
3813	7
3814	9
3815	4
3816	6
3817	6
3818	9
3819	7
382	43
3820	6
3820000	3
3821	5
3822	7
3823	4
3824	7
3825	6
3826	7
3827	5
3828	6
3829	6
383	69
3830	5
3831	5
3832	3
3833	6
3834	4
3835	7
3836	7
3837	10
3838	5
3839	1
384	54
3840	8
3840000	1
3841	5
3842	10
3843	3
3844	7
3845	6
3846	5
3847	3
3848	5
3849	5
385	46
3850	6
3850000	1
3851	4
3852	6
3853	10
3854	5
3855	4
3856	2
3857	9
3858	6
3859	4
386	51
3860	6
3861	10
3862	4
3863	4
3864	10
3865	6
3866	8
3867	8
3868	9
3869	3
387	51
3870	5
3870000	2
3871	5
3872	3
3873	5
3874	4
3875	7
3876	11
3877	4
3878	8
3879	5
388	47
3880	5
3880000	3
3881	4
3882	6
3883	4
3884	5
3885	7
3886	5
3887	8
3888	4
3889	6
389	52
3890	3
3890000	2
3891	7
3892	8
3893	5
3894	9
3895	4
3896	3
3897	7
3898	4
3899	5
39	254
390	62
3900	3
39000	151
390000	34
3900000	1
3901	7
3902	4
3903	4
3904	5
3905	2
3906	3
3907	8
3908	12
3909	10
391	52
3910	7
3910000	2
3911	11
3912	6
3913	4
3914	4
3915	8
3916	8
3917	5
3918	2
3919	7
392	50
3920	6
3920000	1
3921	7
3922	5
3923	7
3924	5
3925	8
3926	6
3927	6
3928	4
3929	3
393	62
3930	6
3930000	1
3931	4
3932	4
3933	9
3934	9
3935	6
3936	3
3937	8
3938	6
3939	3
394	51
3940	8
3940000	2
3941	5
3942	3
3943	6
3944	5
3945	2
3946	8
3947	6
3948	11
3949	7
395	43
3950	5
3951	6
3952	10
3953	5
3954	8
3955	9
3956	6
3957	5
3958	3
3959	8
396	48
3960	5
3960000	4
3961	3
3962	3
3963	4
3964	4
3965	8
3966	5
3967	5
3968	4
3969	6
397	49
3970	4
3970000	1
3971	7
3972	11
3973	7
3974	6
3975	6
3976	6
3977	5
3978	8
3979	10
398	49
3980	10
3980000	2
3981	2
3982	8
3983	4
3984	8
3985	3
3986	3
3987	6
3988	5
3989	6
399	54
3990	5
3990000	3
3991	7
3992	7
3993	3
3994	9
3995	9
3996	3
3997	4
3998	10
3999	7
4	1228
40	254
400	49
4000	6
40000	125
400000	31
4000000	1
4001	7
4002	6
4003	3
4004	6
4005	5
4006	6
4007	3
4008	7
4009	7
401	63
4010	6
4011	10
4012	6
4013	5
4014	4
4015	10
4016	4
4017	5
4018	3
4019	6
402	56
4020	5
4020000	1
4021	3
4022	6
4023	4
4024	3
4025	9
4026	5
4027	11
4028	7
4029	2
403	69
4030	6
4030000	3
4031	6
4032	6
4033	7
4034	6
4035	6
4036	4
4037	7
4038	7
4039	4
404	49
4040	5
4041	6
4042	5
4043	3
4044	9
4045	7
4046	7
4047	5
4048	2
4049	7
405	52
4050	5
4050000	1
4051	5
4052	8
4053	10
4054	4
4055	2
4056	3
4057	5
4058	3
4059	4
406	49
4060	5
4060000	1
4061	7
4062	4
4063	8
4064	5
4065	7
4066	4
4067	9
4068	6
4069	7
407	56
4070	3
4070000	2
4071	1
4072	5
4073	7
4074	4
4075	5
4076	8
4077	7
4078	5
4079	6
408	46
4080	5
4080000	3
4081	6
4082	3
4083	4
4084	5
4085	6
4086	4
4087	5
4088	7
4089	9
409	55
4090	5
4091	4
4092	2
4093	4
4094	4
4095	9
4096	2
4097	5
4098	5
4099	11
41	246
410	45
4100	8
41000	146
410000	33
4101	6
4102	3
4103	5
4104	6
4105	7
4106	3
4107	3
4108	5
4109	3
411	51
4110	4
4110000	3
4111	4
4112	7
4113	3
4114	7
4115	4
4116	3
4117	5
4118	7
4119	3
412	40
4120	4
4120000	2
4121	7
4122	9
4123	8
4124	5
4125	6
4126	9
4127	13
4128	9
4129	9
413	45
4130	4
4131	4
4132	1
4133	4
4134	1
4135	6
4136	2
4137	4
4138	7
4139	7
414	66
4140	4
4140000	1
4141	5
4142	9
4143	1
4144	4
4145	5
4146	7
4147	4
4148	3
4149	9
415	46
4150	8
4150000	2
4151	2
4152	8
4153	5
4154	2
4155	2
4156	6
4157	5
4158	5
4159	4
416	42
4160	3
4160000	4
4161	7
4162	3
4163	6
4164	3
4165	6
4166	7
4167	9
4168	2
4169	6
417	57
4170	2
4171	6
4172	8
4173	5
4174	7
4175	3
4176	5
4177	4
4178	7
4179	9
418	38
4180	5
4180000	2
4181	3
4182	6
4183	7
4184	3
4185	2
4186	11
4187	3
4188	2
4189	3
419	52
4190	2
4190000	3
4191	8
4192	9
4193	7
4194	5
4195	1
4196	7
4197	6
4198	2
4199	5
42	232
420	41
4200	5
42000	113
420000	26
4200000	1
4201	4
4202	2
4203	4
4204	3
4205	1
4206	7
4207	4
4208	6
4209	3
421	49
4210	6
4210000	4
4211	6
4212	2
4213	5
4214	2
4215	7
4216	5
4217	5
4218	7
4219	2
422	62
4220	2
4221	3
4222	3
4223	7
4224	7
4225	4
4226	8
4227	5
4228	3
4229	5
423	47
4230	13
4231	5
4232	4
4233	1
4234	3
4235	5
4236	6
4237	2
4238	4
4239	2
424	45
4240	3
4240000	2
4241	5
4242	3
4243	5
4244	3
4245	4
4246	7
4247	3
4248	2
4249	8
425	52
4250	4
4250000	1
4251	6
4252	6
4253	4
4254	6
4255	5
4256	7
4257	4
4258	6
4259	5
426	53
4260	3
4260000	1
4261	3
4262	4
4263	6
4264	4
4265	4
4266	5
4267	7
4268	4
4269	3
427	52
4270	10
4270000	1
4271	5
4272	4
4273	4
4274	1
4275	2
4276	7
4277	5
4278	5
4279	5
428	50
4280	11
4280000	1
4281	1
4282	2
4283	4
4284	7
4285	3
4286	2
4287	7
4288	2
4289	5
429	53
4290	6
4291	2
4292	2
4293	6
4294	2
4295	3
4296	7
4297	4
4298	5
4299	6
43	264
430	50
4300	8
43000	115
430000	22
4301	5
4302	3
4303	9
4304	4
4305	4
4306	5
4307	3
4308	5
4309	6
431	55
4310	3
4310000	1
4311	7
4312	10
4313	9
4314	6
4315	5
4316	7
4317	6
4318	6
4319	6
432	43
4320	1
4321	5
4322	5
4323	6
4324	6
4325	8
4326	7
4327	7
4328	7
4329	6
433	46
4330	4
4330000	1
4331	10
4332	3
4333	5
4334	4
4335	7
4336	3
4337	3
4338	5
4339	5
434	56
4340	7
4340000	2
4341	2
4342	8
4343	4
4344	9
4345	6
4346	1
4347	11
4348	9
4349	4
435	61
4350	4
4350000	1
4351	4
4352	5
4353	1
4354	3
4355	4
4356	4
4357	4
4358	3
4359	6
436	40
4360	4
4361	1
4362	6
4363	3
4364	7
4365	3
4366	4
4367	9
4368	7
4369	2
437	40
4370	4
4371	3
4372	5
4373	6
4374	5
4375	1
4376	6
4377	6
4378	6
4379	2
438	43
4380	2
4380000	1
4381	2
4382	6
4383	10
4384	5
4385	10
4386	9
4387	3
4388	4
4389	4
439	55
4390	4
4391	3
4392	4
4393	5
4394	3
4395	2
4396	3
4397	5
4398	7
4399	7
44	234
440	50
4400	12
44000	111
440000	27
4401	9
4402	6
4403	7
4404	7
4405	4
4406	3
4407	4
4408	4
4409	4
441	59
4410	3
4411	7
4412	6
4413	8
4414	3
4415	7
4416	5
4417	5
4418	4
4419	4
442	53
4420	3
4421	3
4422	4
4423	5
4424	2
4425	7
4426	4
4427	4
4428	5
4429	6
443	59
4430	4
4430000	1
4431	3
4432	4
4433	2
4434	10
4435	5
4436	6
4437	4
4438	5
4439	6
444	47
4440	6
4440000	1
4441	4
4442	4
4443	5
4444	6
4445	3
4446	3
4447	3
4448	2
4449	7
445	51
4450	3
4450000	2
4451	5
4452	5
4453	4
4454	4
4455	4
4456	5
4457	2
4458	4
4459	5
446	49
4460	6
4460000	1
4461	5
4462	7
4463	4
4464	4
4465	5
4466	3
4467	5
4468	7
4469	5
447	39
4470	8
4470000	3
4471	5
4472	3
4473	4
4474	5
4475	4
4476	8
4477	7
4479	4
448	53
4480	5
4481	7
4482	4
4483	5
4484	5
4485	4
4486	11
4487	4
4488	3
4489	6
449	44
4490	6
4490000	3
4491	3
4492	6
4493	4
4494	5
4495	4
4496	3
4497	5
4498	8
4499	8
45	238
450	49
4500	6
45000	126
450000	27
4501	5
4502	4
4503	7
4504	8
4505	5
4506	3
4507	4
4508	1
4509	1
451	52
4510	2
4510000	1
4511	4
4512	10
4513	5
4514	7
4516	2
4517	5
4518	7
4519	9
452	44
4520	3
4521	8
4522	3
4523	3
4524	7
4525	2
4526	4
4527	2
4528	7
4529	8
453	50
4530	5
4530000	1
4531	7
4532	8
4533	4
4534	3
4535	2
4536	7
4537	5
4538	6
4539	7
454	51
4540	3
4541	6
4542	7
4543	3
4544	5
4545	5
4546	4
4547	4
4548	4
4549	2
455	55
4550	2
4551	3
4552	10
4553	2
4554	4
4555	3
4556	9
4557	6
4558	4
4559	2
456	41
4560	5
4561	2
4562	3
4563	11
4564	3
4565	5
4566	4
4567	3
4568	7
4569	3
457	46
4570	3
4572	2
4573	4
4574	4
4575	2
4576	7
4577	3
4578	5
4579	2
458	38
4580	2
4581	3
4582	9
4583	6
4584	6
4585	4
4586	11
4587	4
4588	5
4589	3
459	50
4590	3
4590000	1
4591	6
4592	3
4593	2
4594	2
4595	5
4596	2
4597	5
4598	6
4599	2
46	233
460	52
4600	4
46000	117
460000	29
4601	6
4602	6
4603	2
4604	4
4605	4
4606	5
4607	4
4608	5
4609	5
461	52
4610	7
4611	5
4612	3
4613	8
4614	3
4615	4
4616	5
4617	5
4618	8
4619	5
462	50
4620	2
4621	5
4622	7
4623	8
4625	3
4626	2
4627	2
4628	3
4629	2
463	48
4630	5
4630000	2
4631	5
4632	4
4633	7
4634	8
4635	5
4636	4
4637	3
4638	3
4639	3
464	42
4640	6
4641	6
4642	7
4643	3
4644	4
4645	3
4646	5
4647	5
4648	3
4649	4
465	47
4650	3
4651	2
4652	5
4653	2
4654	2
4655	5
4656	2
4657	3
4658	2
4659	2
466	44
4660	4
4661	4
4662	4
4663	3
4664	5
4665	3
4666	8
4667	3
4668	7
4669	4
467	73
4670	6
4670000	1
4671	7
4672	3
4673	8
4674	10
4675	5
4676	10
4677	8
4678	5
4679	3
468	52
4680	7
4681	4
4682	6
4683	6
4684	2
4685	2
4686	4
4687	5
4688	5
469	42
4690	4
4690000	2
4691	5
4692	5
4693	6
4694	7
4695	1
4696	5
4697	2
4698	4
4699	7
47	221
470	46
4700	5
47000	102
470000	16
4700000	2
4701	2
4702	1
4703	5
4704	2
4705	6
4706	6
4707	5
4708	7
4709	1
471	49
4710	3
4711	3
4712	8
4713	6
4714	4
4715	2
4716	7
4717	8
4718	7
4719	5
472	41
4720	5
4720000	1
4721	6
4722	3
4723	8
4724	4
4725	1
4726	4
4727	3
4728	5
4729	6
473	48
4730	1
4731	4
4732	7
4733	5
4734	8
4736	4
4737	3
4738	5
4739	2
474	44
4740	6
4740000	1
4741	3
4742	7
4743	2
4744	5
4745	6
4746	1
4747	5
4748	8
4749	7
475	38
4750	6
4751	5
4752	4
4753	4
4754	5
4755	3
4756	3
4757	3
4758	4
4759	2
476	54
4760	5
4760000	1
4761	3
4762	6
4763	11
4764	4
4765	3
4766	4
4767	3
4768	4
4769	3
477	35
4770	1
4771	3
4772	5
4773	5
4774	5
4775	2
4776	9
4777	1
4778	5
4779	5
478	26
4780	2
4780000	1
4781	5
4782	3
4783	6
4784	8
4785	3
4786	4
4787	3
4788	5
4789	4
479	51
4790	4
4791	1
4792	2
4793	5
4794	2
4795	2
4796	4
4797	4
4798	3
4799	8
48	227
480	39
4800	4
48000	106
480000	19
4801	6
4802	4
4803	7
4804	10
4805	9
4806	6
4807	4
4808	7
4809	3
481	39
4810	7
4811	6
4812	4
4813	5
4814	2
4815	2
4816	6
4817	5
4818	5
4819	5
482	49
4820	2
4821	6
4822	6
4823	2
4824	2
4825	5
4826	4
4827	8
4828	5
4829	4
483	47
4830	6
4830000	1
4831	5
4832	4
4833	5
4834	6
4835	4
4836	4
4837	8
4838	5
4839	4
484	44
4840	6
4841	4
4842	9
4843	5
4844	4
4845	3
4846	4
4847	6
4848	9
4849	1
485	59
4850000	1
4851	4
4852	5
4853	5
4854	3
4855	4
4856	6
4857	3
4858	2
4859	5
486	32
4860	9
4861	1
4862	5
4863	6
4864	6
4865	9
4866	8
4867	3
4868	6
4869	2
487	35
4870	5
4870000	2
4871	2
4872	8
4873	6
4874	3
4875	2
4876	8
4877	4
4878	8
4879	2
488	36
4880	6
4881	2
4882	4
4883	2
4884	6
4885	4
4886	2
4887	5
4888	3
4889	2
489	51
4890	7
4890000	1
4891	4
4892	6
4893	3
4894	4
4895	3
4896	4
4897	4
4898	1
4899	5
49	206
490	47
4900	6
49000	106
490000	20
4901	8
4902	4
4903	6
4904	3
4905	1
4906	6
4907	8
4908	8
4909	4
491	40
4910	2
4910000	2
4911	4
4912	6
4913	5
4914	3
4915	3
4916	2
4917	1
4918	4
4919	4
492	55
4920	5
4921	2
4922	7
4923	7
4924	6
4925	7
4926	2
4927	1
4928	4
4929	4
493	48
4930	7
4931	1
4932	4
4933	2
4934	3
4935	7
4936	7
4937	5
4938	8
4939	4
494	43
4940	4
4941	5
4942	2
4943	6
4944	6
4945	3
4946	1
4947	7
4948	4
4949	7
495	52
4950	4
4951	6
4952	2
4953	8
4954	7
4955	5
4956	4
4957	4
4958	3
4959	1
496	41
4960	3
4961	5
4962	1
4963	5
4964	1
4965	5
4966	1
4967	1
4968	5
4969	2
497	35
4970	4
4970000	1
4971	7
4972	9
4973	12
4974	2
4975	6
4976	1
4977	4
4978	2
4979	4
498	41
4980	4
4980000	1
4981	4
4982	6
4983	1
4984	3
4985	1
4986	2
4987	4
4988	8
4989	4
499	46
4990	2
4991	2
4992	7
4993	2
4994	3
4995	1
4997	3
4998	6
4999	2
5	1167
50	216
500	51
5000	4
50000	114
500000	23
5001	2
5002	5
5003	6
5004	4
5005	5
5006	6
5007	3
5008	5
5009	4
501	38
5010	3
5011	3
5012	5
5013	4
5014	2
5015	4
5016	4
5017	12
5019	5
502	51
5020	4
5021	4
5022	4
5023	5
5024	6
5025	6
5026	6
5027	3
5028	5
5029	4
503	49
5030	6
5031	9
5032	1
5033	3
5034	4
5035	2
5036	5
5037	3
5038	2
5039	6
504	34
5040	5
5040000	1
5041	7
5042	2
5043	1
5044	1
5045	3
5046	3
5047	5
5048	3
5049	3
505	43
5050	1
5050000	1
5051	8
5052	4
5053	7
5054	4
5055	2
5056	4
5057	2
5058	2
5059	5
506	36
5060	3
5061	4
5062	6
5063	6
5064	2
5065	5
5066	2
5067	4
5068	4
5069	7
507	47
5070	6
5071	3
5072	3
5073	2
5074	7
5075	4
5076	5
5077	2
5078	2
5079	3
508	45
5080	3
5081	2
5082	6
5083	3
5084	6
5085	4
5086	5
5087	2
5088	4
5089	8
509	40
5090	4
5091	4
5092	6
5093	3
5094	4
5095	3
5096	3
5097	3
5098	5
5099	5
51	210
510	27
5100	5
51000	91
510000	19
5100000	1
5101	4
5102	3
5103	4
5104	4
5105	4
5106	4
5107	2
5108	4
5109	4
511	44
5110	4
5111	2
5112	4
5113	5
5114	4
5115	10
5116	1
5117	10
5118	3
5119	6
512	44
5120	3
5121	3
5122	4
5123	4
5124	2
5125	5
5126	4
5127	6
5128	4
5129	8
513	43
5130	3
5130000	1
5131	9
5132	4
5133	2
5134	4
5135	3
5136	4
5137	5
5138	2
5139	5
514	47
5140	5
5140000	1
5141	2
5142	3
5143	4
5144	6
5145	3
5146	5
5147	4
5148	3
5149	5
515	49
5150	5
5150000	1
5151	4
5152	5
5153	3
5154	3
5155	4
5156	2
5157	6
5158	6
5159	2
516	47
5160	2
5161	8
5162	2
5163	6
5164	3
5165	3
5166	5
5167	5
5168	6
5169	5
517	43
5170	5
5171	8
5172	6
5173	4
5174	4
5175	4
5176	7
5177	3
5178	6
5179	5
518	45
5180	5
5180000	1
5181	1
5182	5
5183	4
5184	2
5185	3
5186	2
5187	4
5188	2
5189	3
519	41
5190	4
5190000	1
5191	6
5192	7
5193	2
5194	8
5195	3
5196	3
5197	4
5198	4
5199	3
52	196
520	37
5200	2
52000	71
520000	22
5201	2
5202	6
5203	5
5204	3
5205	3
5206	2
5207	3
5208	6
5209	4
521	44
5210	6
5211	4
5212	4
5213	3
5214	4
5215	5
5216	5
5217	8
5218	3
5219	1
522	54
5220	5
5220000	1
5221	5
5222	2
5223	3
5224	3
5225	2
5226	5
5227	4
5228	5
5229	4
523	46
5230000	1
5231	7
5232	2
5233	3
5234	5
5235	4
5236	5
5237	9
5238	3
5239	5
524	27
5240	10
5241	1
5242	6
5243	2
5244	8
5245	2
5246	4
5247	5
5248	4
5249	5
525	39
5250	3
5251	2
5252	4
5253	7
5255	6
5256	3
5257	3
5258	6
5259	3
526	44
5260	5
5261	4
5262	3
5263	6
5264	3
5265	1
5266	3
5267	5
5268	1
5269	3
527	52
5270	1
5270000	2
5271	4
5272	4
5273	3
5274	3
5275	3
5276	3
5277	6
5278	6
5279	3
528	37
5280	3
5281	4
5282	5
5283	4
5284	4
5285	1
5286	1
5287	1
5288	3
5289	3
529	35
5290	5
5291	3
5292	2
5294	3
5295	4
5296	6
5297	5
5298	6
5299	6
53	199
530	27
5300	7
53000	82
530000	15
5301	3
5302	4
5303	4
5304	4
5305	3
5306	2
5307	6
5308	1
5309	4
531	45
5310	3
5311	3
5312	5
5313	5
5314	2
5315	1
5317	7
5318	2
5319	4
532	47
5320	1
5321	5
5322	1
5323	2
5324	2
5325	4
5326	3
5327	5
5328	6
5329	3
533	29
5330	3
5331	4
5332	4
5333	8
5334	2
5336	1
5337	4
5338	7
5339	3
534	44
5341	8
5342	5
5343	5
5344	3
5345	7
5346	5
5348	5
5349	3
535	40
5350	4
5351	3
5352	4
5353	5
5354	3
5355	3
5356	6
5357	4
5358	4
5359	3
536	43
5360	3
5361	2
5362	2
5363	6
5364	6
5365	1
5366	3
5367	1
5368	3
5369	3
537	45
5370	4
5370000	1
5371	3
5372	7
5373	1
5374	3
5375	5
5376	4
5377	6
5378	3
5379	7
538	43
5380	1
5381	3
5382	2
5383	3
5384	3
5385	5
5386	1
5387	4
5388	4
5389	6
539	52
5390	3
5390000	1
5391	3
5392	3
5393	8
5394	4
5395	2
5396	3
5398	4
5399	1
54	216
540	45
5400	4
54000	74
540000	24
5401	7
5402	1
5403	5
5404	6
5405	3
5406	5
5407	6
5408	5
5409	6
541	39
5410	1
5411	4
5412	5
5413	5
5414	1
5415	1
5416	6
5417	5
5418	6
5419	2
542	38
5420	4
5421	5
5422	6
5423	4
5424	1
5425	7
5426	2
5427	2
5428	7
5429	5
543	43
5430000	1
5431	3
5432	4
5433	5
5434	2
5435	5
5436	5
5437	2
5438	6
5439	2
544	38
5440	2
5441	4
5442	3
5443	4
5444	4
5445	2
5446	3
5447	7
5448	1
5449	6
545	40
5450	6
5451	4
5453	3
5455	4
5456	3
5457	4
5458	8
5459	6
546	38
5460	6
5462	2
5463	2
5464	3
5465	5
5466	3
5467	5
5468	4
5469	6
547	43
5470	5
5471	2
5472	3
5473	2
5474	4
5475	1
5476	1
5477	4
5478	2
5479	7
548	51
5480	1
5481	5
5482	5
5483	4
5484	2
5485	4
5486	5
5487	2
5488	4
5489	3
549	48
5490	3
5491	5
5492	7
5493	1
5494	1
5495	6
5496	5
5497	2
5498	8
5499	3
55	195
550	43
5500	5
55000	66
550000	20
5501	4
5502	4
5503	2
5504	1
5505	2
5506	4
5507	6
5508	5
5509	1
551	33
5510	1
5511	6
5512	2
5513	4
5514	8
5515	5
5516	2
5517	9
5518	7
5519	1
552	52
5520	2
5521	2
5522	2
5523	2
5524	6
5525	4
5526	5
5527	5
5528	5
5529	2
553	49
5530	1
5531	5
5532	5
5533	4
5534	5
5535	7
5537	5
5538	3
5539	3
554	46
5540	2
5540000	1
5541	1
5542	1
5543	2
5544	4
5545	3
5546	4
5547	2
5548	1
5549	2
555	34
5550	4
5551	3
5552	5
5554	5
5555	2
5556	6
5557	1
5558	3
5559	4
556	38
5560	2
5560000	1
5561	2
5562	2
5563	4
5564	2
5565	4
5566	1
5567	5
5568	1
5569	4
557	34
5570	5
5571	4
5572	3
5573	2
5574	9
5575	3
5576	1
5577	10
5578	3
5579	3
558	36
5580	3
5581	4
5582	8
5583	4
5584	3
5585	4
5586	4
5587	3
5588	5
5589	1
559	48
5590	5
5591	4
5592	4
5593	3
5594	3
5595	3
5596	4
5597	3
5598	3
5599	3
56	200
560	52
5600	2
56000	80
560000	19
5601	5
5602	2
5603	3
5604	2
5605	2
5606	2
5607	2
5608	7
5609	3
561	33
5610	5
5611	3
5612	3
5613	4
5614	3
5615	3
5616	2
5617	3
5618	4
5619	1
562	48
5620	6
5620000	1
5621	2
5622	3
5623	5
5624	1
5625	6
5626	2
5627	5
5628	4
5629	4
563	41
5630	7
5631	4
5632	1
5633	7
5634	3
5635	5
5636	4
5637	5
5638	1
5639	2
564	44
5640	5
5641	2
5642	2
5643	6
5644	3
5645	3
5646	3
5647	4
5648	5
5649	3
565	48
5650	6
5651	2
5652	4
5653	4
5654	1
5655	5
5656	5
5657	5
5658	1
5659	5
566	34
5660	1
5661	7
5662	2
5663	2
5664	1
5665	3
5666	2
5667	4
5668	4
5669	4
567	35
5670	2
5671	4
5672	5
5673	2
5674	4
5675	3
5676	3
5677	5
5678	3
5679	4
568	30
5680	3
5681	1
5682	4
5683	1
5685	3
5686	5
5687	2
5688	3
569	36
5690000	1
5691	4
5692	2
5693	1
5694	3
5695	4
5696	7
5697	2
5698	3
5699	4
57	198
570	42
5700	6
57000	68
570000	18
5701	2
5702	3
5703	3
5704	4
5705	3
5706	4
5707	3
5708	3
5709	8
571	43
5710	4
5710000	1
5711	5
5712	3
5713	4
5714	4
5715	5
5716	4
5717	3
5718	2
5719	2
572	39
5720	5
5721	2
5722	4
5723	2
5724	3
5725	3
5726	4
5727	4
5728	2
5729	4
573	38
5730	2
5731	1
5732	4
5733	4
5734	1
5735	4
5736	8
5737	5
5738	3
5739	9
574	49
5740	3
5741	4
5742	3
5743	2
5744	1
5745	8
5746	2
5747	3
5748	5
5749	6
575	35
5750	5
5750000	1
5751	8
5752	9
5753	2
5754	2
5755	1
5756	4
5757	4
5758	5
5759	2
576	37
5760	3
5761	2
5762	1
5763	4
5764	3
5765	4
5766	3
5767	1
5768	5
5769	1
577	47
5770	5
5771	4
5772	3
5773	4
5774	2
5775	2
5776	3
5777	5
5778	2
5779	1
578	36
5780	1
5781	2
5782	5
5783	3
5784	1
5785	3
5786	3
5787	4
5788	4
5789	5
579	33
5791	4
5792	3
5793	5
5794	3
5795	2
5796	4
5797	4
5798	2
5799	3
58	195
580	40
5800	3
58000	72
580000	14
5801	3
5802	2
5803	3
5804	3
5805	4
5806	2
5807	1
5808	2
5809	4
581	46
5810	2
5811	5
5812	3
5813	5
5814	4
5815	2
5816	3
5817	1
5818	6
5819	3
582	41
5820	3
5821	4
5822	3
5823	4
5824	2
5825	3
5826	3
5827	1
5828	2
5829	4
583	33
5830	4
5831	1
5832	2
5833	5
5834	2
5835	2
5836	1
5837	3
5838	2
5839	5
584	35
5840	5
5842	2
5843	4
5844	4
5845	3
5847	6
5848	3
5849	2
585	47
5850	2
5852	2
5854	1
5855	1
5856	1
5857	4
5858	4
5859	2
586	33
5860	8
5861	6
5862	2
5863	1
5864	5
5865	1
5866	7
5867	3
5868	5
5869	1
587	49
5870	6
5871	2
5872	3
5873	4
5874	5
5875	2
5876	4
5877	4
5878	3
5879	3
588	35
5880	3
5881	4
5882	2
5883	3
5884	4
5885	4
5886	6
5887	1
5888	1
5889	6
589	25
5890	5
5891	2
5892	3
5893	2
5894	3
5895	1
5896	1
5897	5
5898	1
5899	2
59	178
590	42
5900	2
59000	83
590000	18
5901	5
5902	3
5903	6
5904	3
5905	2
5906	1
5908	5
5909	3
591	46
5910	1
5911	3
5912	4
5913	3
5914	3
5915	3
5916	1
5917	4
5918	6
5919	3
592	40
5920	2
5921	1
5922	4
5923	1
5924	2
5926	1
5927	1
5928	4
5929	3
593	34
5930	4
5931	2
5932	5
5933	4
5934	4
5935	3
5936	2
5937	5
5938	3
5939	6
594	38
5940	2
5941	2
5942	3
5943	2
5944	1
5945	5
5946	3
5947	1
5948	2
5949	3
595	51
5950	1
5951	4
5952	4
5953	5
5954	1
5955	6
5956	4
5957	1
5958	5
5959	1
596	43
5960	2
5961	2
5962	3
5963	2
5964	6
5965	2
5967	3
5968	2
5969	3
597	38
5970	3
5971	3
5972	4
5973	1
5974	2
5975	2
5976	2
5978	4
5979	2
598	36
5980	4
5981	6
5982	7
5983	3
5984	4
5985	3
5986	3
5987	1
5988	4
5989	4
599	31
5990	4
5991	2
5992	2
5993	4
5994	3
5995	7
5996	6
5997	3
5998	4
5999	4
6	1147
60	168
600	53
6000	6
60000	67
600000	19
6001	2
6002	4
6003	1
6004	5
6005	3
6006	2
6007	5
6008	1
6009	7
601	49
6010	3
6012	3
6013	2
6014	4
6015	2
6016	4
6017	3
6018	3
6019	2
602	23
6020	3
6021	2
6022	5
6023	2
6024	2
6025	3
6026	3
6027	6
6028	7
6029	1
603	43
6030	4
6031	3
6032	5
6033	4
6034	2
6035	2
6036	2
6037	3
6038	3
6039	6
604	40
6040	2
6041	5
6042	2
6043	3
6044	3
6045	3
6046	3
6047	1
6048	5
6049	2
605	45
6050	4
6052	3
6053	4
6054	1
6055	1
6056	6
6057	1
6058	4
6059	2
606	35
6060	3
6061	2
6062	4
6063	2
6064	7
6065	4
6066	4
6067	3
6068	2
6069	1
607	44
6070	5
6071	2
6072	3
6073	3
6074	5
6075	4
6076	5
6077	3
6078	1
6079	3
608	36
6080	5
6081	2
6082	3
6083	3
6084	1
6085	1
6086	2
6087	6
6088	3
6089	3
609	38
6090	8
6091	4
6092	2
6093	2
6094	4
6095	2
6096	1
6097	1
6098	2
6099	2
61	179
610	33
6100	3
61000	66
610000	10
6101	2
6102	2
6103	1
6105	3
6106	2
6107	2
6108	5
6109	5
611	42
6110	8
6111	2
6112	3
6113	4
6114	7
6115	4
6116	3
6117	5
6118	1
6119	2
612	42
6120	5
6121	1
6122	4
6123	3
6124	2
6125	2
6126	3
6127	1
6128	2
6129	3
613	48
6130	3
6131	4
6132	5
6133	4
6134	5
6135	2
6136	4
6137	2
6138	4
6139	6
614	45
6140	3
6141	3
6142	6
6144	4
6145	2
6147	1
6148	3
6149	4
615	30
6150	4
6151	2
6154	2
6155	2
6156	2
6158	4
6159	2
616	39
6160	5
6161	4
6162	3
6163	3
6164	5
6165	1
6166	1
6167	4
6168	7
6169	6
617	45
6170	5
6171	2
6172	2
6173	2
6175	2
6176	5
6177	1
6178	4
6179	5
618	37
6180	5
6181	2
6183	4
6184	2
6185	4
6186	3
6187	2
6188	2
619	43
6190	3
6191	2
6192	4
6193	1
6194	3
6195	3
6196	2
6197	6
6198	5
6199	1
62	164
620	45
6200	1
62000	77
620000	18
6201	2
6202	1
6203	4
6204	4
6205	2
6206	7
6207	1
6208	2
6209	2
621	29
6210	6
6211	2
6212	1
6213	1
6214	1
6215	8
6216	3
6217	2
6218	5
6219	3
622	39
6220	3
6221	3
6222	2
6223	4
6224	1
6225	4
6226	3
6227	6
6229	1
623	34
6230	4
6231	3
6232	2
6233	3
6234	4
6235	3
6236	4
6237	4
6238	4
6239	2
624	35
6240	3
6241	4
6242	2
6243	5
6244	2
6245	3
6246	2
6247	2
6248	2
6249	2
625	43
6250	3
6251	3
6253	2
6254	4
6255	3
6256	2
6257	3
6258	6
6259	1
626	40
6260	4
6261	4
6262	3
6263	2
6264	3
6265	4
6266	5
6267	3
6268	5
6269	3
627	57
6270	2
6271	1
6272	5
6273	1
6274	2
6275	1
6276	2
6277	2
6278	1
6279	4
628	40
6280	1
6282	2
6283	5
6284	2
6285	1
6286	2
6287	1
6288	2
629	39
6290	5
6291	4
6292	3
6293	2
6294	1
6295	1
6296	6
6297	4
6298	5
6299	7
63	143
630	33
6300	3
63000	57
630000	20
6301	5
6302	2
6303	5
6304	1
6305	3
6306	3
6307	3
6308	3
6309	3
631	46
6310	1
6311	2
6312	3
6313	3
6314	6
6315	6
6317	3
6318	4
6319	3
632	37
6320	3
6321	4
6322	4
6323	1
6324	3
6325	6
6326	1
6327	6
6328	3
633	34
6330	3
6331	5
6332	1
6333	2
6334	3
6335	2
6336	4
6338	6
6339	3
634	32
6340000	1
6341	3
6342	2
6343	2
6344	3
6345	3
6346	4
6347	5
6348	4
6349	3
635	34
6350	1
6351	1
6352	2
6353	5
6354	3
6356	5
6357	1
6358	1
636	33
6360	4
6361	2
6362	4
6363	5
6364	2
6365	2
6366	2
6367	4
6369	2
637	46
6370	3
6371	1
6372	4
6373	3
6374	1
6375	5
6376	4
6377	3
6378	3
6379	4
638	39
6380	3
6381	4
6382	4
6383	2
6384	2
6386	5
6387	3
6388	3
6389	2
639	22
6390	4
6391	1
6392	3
6394	2
6395	4
6397	2
6398	3
6399	2
64	156
640	45
6400	2
64000	66
640000	11
6401	2
6402	4
6403	3
6404	1
6405	6
6406	3
6407	2
6408	4
6409	4
641	48
6410	2
6411	2
6412	5
6413	4
6414	4
6415	2
6416	4
6417	6
6418	3
6419	2
642	56
6420	1
6421	3
6422	2
6423	3
6424	1
6425	5
6426	2
6427	2
6428	4
643	41
6430	2
6431	3
6432	2
6433	2
6434	5
6435	4
6436	1
6437	3
6438	3
6439	4
644	41
6440	8
6441	1
6442	1
6443	3
6444	2
6445	3
6446	3
6447	2
6448	2
645	36
6450	1
6450000	1
6451	1
6453	2
6454	3
6455	3
6456	4
6457	3
6458	3
6459	2
646	38
6460	4
6461	3
6462	2
6463	1
6464	4
6465	3
6466	3
6467	4
6468	2
6469	3
647	45
6470	4
6471	1
6472	1
6473	5
6475	2
6476	4
6477	2
6478	4
6479	3
648	31
6481	3
6482	1
6483	3
6484	2
6485	3
6486	4
6487	3
6488	3
649	31
6490	2
6491	2
6492	2
6493	1
6494	1
6495	4
6496	2
6497	3
6498	6
6499	5
65	158
650	32
6500	5
65000	81
650000	20
6501	2
6503	1
6504	1
6505	3
6507	2
6508	2
6509	3
651	41
6510	4
6511	1
6513	3
6514	2
6515	3
6516	3
6517	4
6518	3
6519	2
652	31
6520	5
6521	4
6522	2
6524	1
6525	1
6526	2
6527	3
6528	1
6529	2
653	47
6530	4
6532	2
6533	2
6534	4
6535	2
6536	4
6537	4
6538	4
6539	3
654	32
6540	5
6541	1
6542	1
6543	3
6544	6
6545	3
6546	1
6547	2
6548	4
6549	1
655	38
6550	3
6551	2
6552	1
6553	1
6555	1
6556	1
6557	6
6558	1
6559	1
656	31
6560	1
6561	3
6562	4
6563	3
6564	4
6565	1
6566	2
6567	2
6569	1
657	35
6570	1
6571	4
6572	1
6573	2
6574	3
6575	2
6576	2
6578	1
6579	3
658	37
6580	5
6581	2
6582	5
6583	3
6584	4
6585	1
6587	2
6588	3
6589	2
659	29
6590	5
6591	1
6592	1
6593	4
6594	1
6595	2
6596	2
6597	6
6598	1
6599	3
66	192
660	31
6600	2
66000	52
660000	32
6601	1
6602	4
6603	2
6604	5
6605	5
6606	4
6607	2
6608	3
6609	2
661	39
6610	2
6611	1
6612	2
6613	3
6615	4
6616	2
6617	5
6618	3
6619	2
662	32
6620	2
6621	3
6622	2
6623	6
6624	2
6625	2
6626	2
6627	2
6628	4
6629	6
663	32
6630	1
6632	1
6633	3
6634	3
6635	1
6636	5
6637	1
6638	1
6639	3
664	34
6640	3
6641	3
6642	3
6643	1
6644	3
6646	6
6647	1
6648	3
6649	3
665	40
6650	3
6651	1
6652	2
6653	2
6654	4
6655	4
6657	5
6658	6
6659	2
666	41
6660	1
6662	1
6663	2
6664	1
6665	2
6666	2
6667	2
6668	6
6669	4
667	40
6670	3
6672	1
6673	3
6674	1
6675	5
6676	2
6677	1
6678	1
6679	2
668	37
6680	3
6681	2
6682	4
6683	1
6684	2
6685	1
6686	3
6687	4
6688	6
6689	1
669	39
6691	1
6692	4
6693	6
6694	3
6695	4
6696	5
6697	2
6698	1
6699	5
67	185
670	30
6700	2
67000	57
670000	10
6701	3
6702	3
6703	1
6704	3
6705	3
6706	3
6707	1
6708	2
6709	4
671	30
6710	1
6711	4
6712	2
6713	5
6714	2
6715	2
6717	2
6718	4
6719	4
672	28
6720	2
6722	7
6723	2
6724	6
6725	1
6727	2
6728	1
6729	1
673	32
6730	3
6731	4
6732	2
6733	1
6734	3
6735	3
6737	4
6738	1
6739	4
674	35
6741	3
6743	1
6744	3
6746	5
6747	3
6748	2
6749	1
675	37
6750	3
6751	5
6752	3
6753	3
6755	4
6756	2
6757	2
6758	3
6759	5
676	39
6760	1
6761	6
6762	4
6763	2
6764	7
6765	4
6766	2
6767	1
6768	4
6769	4
677	29
6770	2
6771	5
6772	4
6773	2
6774	2
6775	3
6776	2
6777	1
6778	4
6779	1
678	34
6780	2
6781	3
6782	2
6783	1
6784	2
6785	2
6786	3
6787	2
6788	2
6789	4
679	44
6790	1
6791	2
6792	3
6793	3
6794	5
6795	2
6796	3
6797	2
6798	3
6799	1
68	152
680	37
6800	2
68000	53
680000	10
6801	3
6802	2
6803	3
6804	2
6805	2
6806	1
6807	3
6808	5
6809	5
681	34
6810	3
6811	3
6812	4
6813	3
6814	4
6815	5
6816	4
6817	2
6818	1
6819	5
682	33
6820	8
6821	3
6824	3
6825	1
6826	3
6829	1
683	40
6830000	1
6831	5
6832	1
6833	3
6834	2
6835	4
6836	2
6837	3
6838	3
6839	3
684	34
6840	2
6841	1
6842	1
6843	2
6844	2
6845	6
6846	1
6847	2
6848	6
6849	3
685	29
6850	3
6851	2
6852	3
6853	1
6854	4
6855	5
6856	1
6857	3
6858	3
6859	3
686	42
6860	1
6861	4
6862	4
6863	5
6864	2
6865	1
6866	1
6867	3
6868	1
6869	1
687	48
6870	3
6871	1
6872	2
6873	2
6874	3
6875	2
6876	4
6878	6
6879	3
688	35
6880	3
6881	4
6882	2
6883	1
6884	2
6885	2
6886	3
6888	1
6889	4
689	25
6891	1
6892	2
6893	2
6895	3
6897	3
6898	1
6899	1
69	170
690	35
69000	60
690000	13
6901	1
6903	7
6904	1
6905	4
6906	2
6907	1
6908	4
6909	5
691	40
6910	2
6911	1
6912	3
6913	2
6914	3
6915	1
6916	2
6917	2
6918	4
6919	2
692	24
6920	1
6921	6
6922	2
6923	3
6924	6
6925	4
6926	4
6927	3
6928	1
6929	3
693	43
6931	1
6932	3
6933	3
6934	3
6935	5
6936	2
6937	3
6938	1
6939	1
694	36
6940	5
6940000	2
6941	2
6942	1
6943	1
6944	2
6945	2
6946	2
6947	4
6948	3
6949	5
695	40
6950	2
6951	2
6952	1
6953	6
6954	2
6955	6
6956	3
6957	1
6958	2
696	34
6960	4
6960000	1
6962	4
6963	1
6964	8
6965	1
6966	1
6967	5
6968	8
6969	2
697	29
6970	3
6971	2
6972	2
6973	5
6974	2
6975	2
6976	2
6977	3
6978	1
6979	3
698	42
6980	1
6981	4
6982	5
6983	1
6984	2
6985	1
6986	4
6988	2
6989	4
699	27
6990	2
6991	3
6993	1
6994	6
6995	2
6996	1
6997	2
6998	2
6999	1
7	1044
70	158
700	36
7000	4
70000	51
700000	14
7001	2
7002	2
7003	1
7004	7
7005	3
7006	2
7007	3
7008	2
7009	2
701	29
7010	3
7011	1
7012	3
7013	1
7014	3
7016	6
7017	3
7019	1
702	25
7020	1
7021	5
7022	1
7023	1
7024	2
7025	2
7027	6
7028	4
7029	2
703	31
7030	1
7031	2
7032	3
7033	4
7034	4
7035	2
7036	4
7037	2
7038	2
7039	1
704	36
7040	5
7041	3
7042	3
7043	3
7046	2
7048	2
705	31
7050	2
7051	1
7052	3
7053	1
7054	3
7055	3
7056	3
7057	2
7058	2
7059	2
706	27
7060	2
7061	2
7062	1
7064	4
7065	2
7066	1
7067	1
7068	1
7069	3
707	23
7070	3
7071	2
7072	4
7074	1
7075	2
7076	2
7077	3
7078	2
7079	3
708	37
7080	1
7081	3
7082	5
7083	5
7084	1
7085	3
7086	1
7087	2
7089	5
709	44
7090	3
7091	3
7092	3
7093	4
7094	3
7095	4
7096	2
7098	3
7099	3
71	177
710	29
7100	4
71000	43
710000	16
7101	2
7102	3
7103	4
7104	4
7105	2
7106	6
7107	2
7108	7
7109	5
711	34
7111	2
7112	3
7113	4
7114	3
7115	1
7116	2
7117	3
7118	3
7119	4
712	35
7120	2
7121	3
7123	1
7124	4
7125	2
7126	5
7127	5
7128	1
7129	1
713	37
7130	1
7131	1
7132	1
7134	3
7135	1
7136	4
7137	3
7138	1
7139	4
714	25
7140	2
7141	3
7143	4
7144	5
7145	3
7146	1
7147	1
7148	2
7149	2
715	20
7150	2
7151	4
7152	1
7153	6
7154	2
7155	2
7156	2
7157	1
7159	3
716	29
7160	4
7161	2
7162	3
7163	2
7164	1
7165	2
7167	1
7168	2
7169	2
717	34
7170	2
7171	4
7172	4
7173	1
7174	1
7175	1
7176	2
7178	3
7179	1
718	44
7180	3
7181	2
7182	3
7183	1
7184	2
7185	2
7186	3
7187	4
7188	4
7189	3
719	37
7190	1
7191	5
7193	3
7194	9
7195	1
7196	3
7197	1
7198	2
7199	1
72	168
720	26
7200	2
72000	44
720000	20
7201	2
7202	3
7203	1
7205	4
7206	3
7207	3
7208	3
7209	2
721	39
7210	1
7211	1
7212	2
7213	4
7214	2
7215	3
7216	1
7217	5
7218	1
7219	3
722	29
7220	4
7221	1
7222	1
7223	1
7224	3
7225	1
7226	1
7227	5
7228	2
7229	3
723	35
7230	2
7231	1
7232	3
7234	2
7235	1
7236	4
7237	3
7238	4
7239	2
724	36
7240	2
7241	3
7242	4
7243	3
7244	3
7245	3
7246	1
7247	1
7248	2
7249	3
725	33
7250	5
7251	2
7252	2
7253	2
7254	4
7255	2
7256	3
7257	4
7258	2
7259	1
726	38
7260	3
7261	2
7262	2
7263	1
7264	2
7265	4
7266	3
7267	2
7268	1
7269	4
727	24
7270	5
7272	1
7273	1
7274	5
7275	3
7276	1
7277	2
7279	2
728	40
7280	3
7281	2
7282	1
7283	1
7284	2
7285	2
7286	2
7287	2
7288	1
7289	4
729	34
7290	3
7290000	1
7291	3
7292	4
7293	1
7294	4
7295	4
7296	1
7297	2
7298	1
7299	1
73	181
730	35
7300	3
73000	32
730000	17
7301	2
7302	1
7304	1
7307	3
7308	5
7309	1
731	33
7310	3
7312	1
7313	3
7314	5
7315	1
7316	2
7317	2
7318	3
7319	2
732	33
7320	2
7322	2
7323	1
7326	1
7327	1
7328	2
7329	3
733	26
7330	2
7331	1
7332	3
7333	1
7334	5
7335	6
7336	4
7337	1
7338	2
734	27
7340	1
7341	2
7342	6
7343	3
7345	2
7346	3
7347	3
7348	2
7349	2
735	32
7350	2
7351	6
7352	2
7353	2
7354	4
7355	3
7356	2
7357	2
7358	3
7359	1
736	26
7360	4
7362	4
7363	5
7364	2
7365	1
7366	2
7367	4
7368	4
7369	4
737	28
7370	6
7372	3
7373	1
7374	2
7375	2
7376	2
7377	2
7378	3
7379	5
738	26
7380	2
7381	3
7382	2
7383	2
7385	1
7386	2
7387	1
7388	1
739	29
7390	3
7391	3
7392	1
7393	3
7394	2
7395	1
7396	1
7397	2
7398	5
7399	2
74	159
740	45
7400	2
74000	58
740000	16
7401	1
7404	3
7405	1
7406	2
7407	8
7408	1
741	30
7410	3
7412	4
7413	2
7414	1
7415	1
7416	2
7417	2
7418	2
7419	4
742	22
7420	3
7421	2
7422	5
7423	2
7424	9
7425	3
7426	2
7427	1
7428	2
7429	1
743	29
7430	1
7431	2
7432	2
7433	2
7434	3
7435	1
7436	4
7437	3
7438	1
7439	1
744	27
7441	1
7442	1
7443	3
7444	2
7445	1
7446	1
7447	1
7448	3
7449	1
745	43
7451	2
7452	4
7453	2
7454	3
7455	1
7456	3
7457	1
7458	8
7459	2
746	29
7460	2
7461	2
7462	2
7463	7
7464	1
7466	1
7468	1
7469	1
747	28
7470	3
7471	3
7472	3
7473	3
7474	2
7475	6
7476	1
7477	5
7479	3
748	28
7480	2
7481	1
7482	1
7483	2
7484	5
7485	3
7486	2
7489	3
749	30
7491	2
7493	2
7495	1
7496	2
7497	2
7498	2
7499	1
75	162
750	27
7500	1
75000	46
750000	12
7501	4
7502	1
7504	2
7505	2
7506	7
7507	4
7508	3
751	38
7510	1
7511	4
7512	1
7514	2
7515	5
7516	3
7517	5
7518	5
752	43
7520	1
7521	2
7522	2
7523	2
7525	3
7526	3
7527	2
7528	1
7529	4
753	32
7530	2
7531	2
7532	3
7533	3
7534	1
7536	2
7537	3
7538	1
7539	2
754	25
7541	2
7542	3
7543	2
7544	6
7545	1
7546	1
7547	2
7548	2
7549	3
755	34
7550	2
7551	6
7552	3
7553	1
7554	6
7555	2
7556	2
7557	2
7558	6
756	33
7560	2
7561	2
7562	1
7564	2
7566	1
7567	1
7568	1
7569	1
757	39
7570	3
7571	3
7572	4
7574	2
7575	4
7576	1
7577	3
7578	2
7579	7
758	40
7580	5
7581	1
7582	2
7583	3
7584	1
7585	1
7586	4
7587	2
7588	1
7589	3
759	22
7590	1
7591	2
7592	1
7594	1
7595	3
7596	3
7597	1
7598	3
7599	1
76	155
760	32
7600	2
76000	53
760000	18
7601	2
7602	2
7603	2
7604	1
7605	1
7606	2
7607	5
7608	2
7609	1
761	31
7610	3
7611	1
7612	4
7613	2
7614	3
7615	4
7616	3
7617	1
7618	1
7619	4
762	28
7620	1
7621	6
7622	3
7623	2
7624	2
7625	2
7626	2
7627	2
7628	3
7629	1
763	34
7630	1
7631	3
7632	1
7633	3
7634	2
7636	1
7637	2
7638	3
7639	1
764	26
7641	1
7642	2
7643	3
7644	1
7645	4
7647	1
7648	1
7649	1
765	36
7650	4
7651	2
7652	2
7653	1
7654	4
7656	1
7657	2
7658	1
766	22
7660	2
7661	3
7663	2
7664	3
7665	2
7666	2
7667	3
7668	3
7669	3
767	34
7670	2
7671	2
7672	1
7673	2
7674	2
7676	2
7677	1
768	24
7680	2
7681	1
7682	5
7683	3
7684	2
7685	4
7686	3
7687	3
7688	2
7689	4
769	17
7690	4
7691	2
7692	3
7693	1
7694	4
7695	2
7696	1
7697	3
77	149
770	28
7700	1
77000	43
770000	19
7701	1
7702	4
7703	2
7705	1
7706	1
7707	1
7708	1
7709	2
771	20
7710	4
7711	1
7712	3
7713	3
7714	2
7717	2
7718	1
7719	2
772	32
7720	2
7721	2
7722	2
7723	2
7724	3
7725	1
7727	1
7728	4
7729	2
773	41
7730	2
7731	4
7732	1
7733	1
7734	1
7735	2
7736	2
7737	2
7738	2
774	36
7740	2
7741	3
7742	4
7743	3
7744	1
7745	4
7746	3
7747	4
7748	1
7749	2
775	37
7750	3
7751	1
7752	3
7755	1
7756	1
7758	2
7759	3
776	40
7760	3
7761	1
7762	2
7763	4
7764	2
7765	2
7767	2
7768	3
777	41
7770	5
7771	1
7772	4
7773	2
7774	2
7775	1
7776	1
7778	1
7779	1
778	22
7780	4
7781	2
7782	1
7783	2
7784	2
7785	2
7786	2
7788	4
7789	2
779	37
7790	5
7791	1
7792	5
7793	4
7794	3
7795	2
7797	2
7798	3
7799	2
78	166
780	23
7800	5
78000	36
780000	10
7801	3
7802	3
7803	3
7804	2
7805	4
7807	3
7808	1
7809	2
781	31
7810	2
7811	1
7812	2
7813	3
7814	1
7815	3
7816	2
7817	3
7818	3
7819	6
782	24
7820	1
7821	2
7822	1
7823	2
7824	2
7825	1
7826	2
7827	1
7829	1
783	37
7831	3
7832	1
7833	1
7834	1
7835	1
7836	1
7837	2
7838	2
784	20
7840	3
7842	4
7843	3
7844	2
7845	2
7846	2
7847	3
7848	1
7849	1
785	29
7850	1
7851	4
7852	1
7853	2
7854	2
7855	1
7856	2
7857	3
7858	1
7859	2
786	33
7860	1
7861	2
7862	1
7863	2
7864	1
7865	3
7866	2
7867	6
7868	2
7869	1
787	24
7870	2
7871	2
7872	5
7873	2
7875	2
7876	3
7877	2
7879	2
788	28
7881	2
7882	2
7883	3
7884	4
7885	2
7886	2
7887	4
7888	2
7889	3
789	35
7890	4
7891	3
7892	3
7893	3
7894	2
7895	4
7896	1
7897	2
7898	2
7899	1
79	162
790	36
7900	2
79000	46
790000	21
7901	2
7902	3
7903	1
7904	2
7905	3
7906	2
7908	3
7909	3
791	25
7910	3
7911	2
7912	2
7913	4
7914	1
7915	3
7916	1
7917	1
7919	1
792	31
7920	1
7921	4
7922	1
7923	2
7924	1
7925	3
7926	1
7927	1
7928	1
7929	3
793	35
7930	1
7931	1
7932	1
7933	3
7934	3
7935	1
7936	3
7937	2
7938	1
7939	3
794	30
7940	1
7941	1
7943	1
7944	2
7945	1
7946	1
7947	4
7948	3
7949	3
795	31
7950	1
7951	1
7952	3
7953	3
7954	3
7955	1
7956	2
7957	2
7958	1
7959	2
796	43
7961	4
7962	1
7963	1
7964	1
7965	6
7966	3
7967	4
7968	2
7969	2
797	28
7970	2
7972	4
7973	3
7974	1
7975	1
7976	1
7977	2
7978	1
7979	3
798	28
7980	2
7981	1
7982	1
7985	3
7986	3
7987	1
7989	3
799	24
7990	2
7991	3
7992	2
7993	3
7994	3
7995	1
7996	3
7997	1
7998	1
7999	5
8	977
80	159
800	32
8000	1
80000	52
800000	13
8001	1
8004	4
8005	1
8006	1
8007	1
8008	4
8009	4
801	32
8010	1
8011	2
8012	3
8013	3
8014	5
8015	2
8016	1
8017	3
8018	2
8019	1
802	34
8020	3
8021	2
8022	3
8023	1
8024	3
8025	3
8026	6
8027	2
8028	2
8029	1
803	20
8030	1
8031	3
8032	2
8033	2
8034	4
8035	3
8037	2
8038	2
8039	2
804	26
8040	1
8041	1
8042	2
8043	2
8044	2
8045	4
8046	2
8047	3
8048	1
8049	3
805	25
8050	5
8051	4
8052	2
8054	2
8055	2
8056	2
8057	1
8058	3
8059	1
806	38
8060	3
8061	4
8062	1
8063	5
8064	2
8065	3
8066	2
8068	1
8069	3
807	31
8070	2
8071	3
8072	5
8073	3
8074	4
8075	3
8077	1
8078	2
808	35
8080	1
8082	1
8083	3
8085	2
8086	4
8087	1
8088	3
8089	2
809	24
8091	1
8092	1
8093	3
8094	1
8096	4
8098	3
8099	2
81	159
810	28
8100	4
81000	44
810000	18
8101	3
8103	2
8105	2
8106	3
8107	1
8108	2
8109	9
811	29
8110	2
8112	1
8113	3
8114	1
8115	2
8116	2
8117	1
8118	3
8119	2
812	27
8120	1
8123	4
8125	1
8126	3
8127	1
8128	1
8129	2
813	23
8131	2
8132	5
8133	1
8134	2
8135	2
8136	1
8138	3
8139	3
814	25
8140	1
8142	2
8143	3
8145	4
8147	3
8148	2
8149	2
815	21
8151	1
8152	1
8153	3
8154	1
8155	4
8156	3
8157	2
8158	1
8159	1
816	39
8160	2
8161	3
8162	6
8163	2
8164	3
8165	2
8166	1
8167	2
8168	2
8169	3
817	27
8170	1
8171	3
8172	3
8173	3
8174	1
8175	4
8176	2
8177	2
8179	2
818	25
8180	2
8181	1
8183	4
8184	2
8185	3
8187	1
8188	2
8189	3
819	24
8190	2
8191	1
8192	1
8193	1
8194	1
8195	3
8197	2
8198	3
8199	3
82	148
820	33
82000	46
820000	20
8202	2
8203	5
8204	2
8205	3
8206	2
8207	1
8208	4
821	30
8211	3
8212	2
8213	3
8214	4
8215	1
8216	4
8218	3
8219	4
822	40
8220	2
8221	3
8222	1
8223	3
8224	1
8225	4
8226	4
8227	5
8228	3
8229	1
823	37
8230	2
8232	2
8233	4
8234	3
8237	1
8238	2
8239	2
824	26
8240	3
8241	3
8244	1
8245	3
8246	2
8247	1
8248	3
825	28
8250	2
8251	3
8253	3
8254	4
8256	3
8257	1
8258	2
8259	1
826	35
8261	1
8262	1
8264	1
8265	4
8268	5
8269	1
827	36
8270	1
8271	2
8272	4
8273	1
8274	3
8275	3
8276	1
8277	4
8278	1
8279	2
828	31
8281	3
8282	5
8283	4
8284	3
8285	3
8286	1
8287	1
8288	3
8289	3
829	34
8290	3
8291	2
8292	1
8293	1
8294	4
8295	1
8296	3
8299	1
83	154
830	34
8300	3
83000	37
830000	25
8301	4
8302	3
8303	2
8304	1
8306	1
8307	1
8309	2
831	24
8310	2
8311	3
8312	3
8313	1
8314	3
8315	1
8316	2
8317	2
8319	2
832	31
8320	1
8321	3
8322	3
8323	1
8325	1
8326	1
8327	2
8329	3
833	31
8330	1
8331	5
8332	2
8333	2
8334	3
8336	3
8337	3
8338	2
8339	1
834	27
8340	2
8341	1
8342	3
8343	1
8345	2
8346	2
8347	1
8348	4
8349	2
835	32
8350	2
8351	2
8352	1
8353	4
8354	1
8355	4
8356	1
8357	5
8359	1
836	28
8360	1
8361	5
8362	2
8363	2
8364	1
8365	1
8366	2
8367	1
8368	1
837	34
8370	2
8372	1
8374	1
8375	1
8376	2
8377	1
8379	1
838	23
8380	3
8381	2
8382	2
8383	3
8384	1
8385	1
8387	3
8388	3
8389	2
839	33
8390	3
8391	1
8392	1
8393	2
8394	3
8395	2
8396	5
8397	4
8398	1
84	161
840	28
8400	1
84000	52
840000	13
8401	2
8402	5
8404	1
8405	1
8406	3
8407	1
8408	2
8409	3
841	34
8411	1
8412	2
8414	2
8415	5
8416	3
8417	1
8418	2
842	25
8421	4
8422	1
8424	1
8425	3
8426	1
8427	2
8428	1
8429	1
843	34
8431	1
8432	1
8433	3
8434	3
8436	2
8437	2
8438	1
8439	2
844	40
8440	3
8442	1
8443	1
8444	1
8445	7
8446	3
8447	4
8448	1
8449	2
845	27
8450	2
8451	4
8453	2
8454	2
8455	1
8456	2
8458	2
8459	1
846	23
8461	3
8462	2
8465	3
8468	5
8469	2
847	25
8471	3
8472	2
8473	1
8476	5
8477	2
8479	3
848	32
8480	2
8482	4
8483	3
8484	4
8485	2
8488	3
849	26
8490	2
8492	1
8494	4
8497	3
8498	2
8499	1
85	128
850	32
8500	2
85000	48
850000	12
8501	1
8502	2
8503	1
8505	2
8506	1
8507	3
8509	2
851	31
8510	1
8511	1
8512	2
8513	2
8514	4
8515	4
8516	1
8517	2
8518	1
8519	2
852	31
8520	3
8521	1
8522	1
8523	1
8525	3
8526	5
8528	1
853	29
8530	1
8531	5
8532	1
8533	2
8535	2
8536	3
8537	1
8538	2
8539	1
854	29
8541	2
8542	6
8543	1
8544	5
8546	2
8547	5
8549	2
855	28
8550	2
8551	3
8552	1
8553	2
8554	2
8555	1
8557	1
8558	5
8559	1
856	29
8561	4
8562	5
8563	1
8564	2
8565	2
8566	2
8567	3
8568	1
8569	5
857	26
8570	1
8571	1
8573	2
8574	3
8575	3
8576	3
8577	1
858	31
8580	2
8581	1
8582	1
8583	3
8584	4
8585	2
8586	5
8587	2
8588	3
8589	2
859	27
8590	3
8592	3
8593	5
8594	3
8595	2
8596	2
8599	1
86	147
860	20
8600	1
86000	55
860000	14
8602	1
8603	1
8604	1
8606	1
8607	1
8608	2
8609	3
861	24
8610	1
8611	2
8612	1
8613	2
8614	3
8615	1
8616	1
8617	4
8618	2
8619	2
862	41
8620	1
8624	2
8625	2
8626	2
8627	3
8628	2
8629	4
863	33
8632	2
8633	2
8634	1
8635	2
8636	3
8639	3
864	27
8641	1
8642	3
8643	1
8645	3
8646	3
8647	2
8648	1
8649	2
865	21
8650	1
8651	2
8652	3
8653	4
8654	4
8655	1
8656	1
8657	2
8659	1
866	20
8661	1
8662	3
8663	1
8665	2
8666	1
8667	2
8668	2
867	19
8670	1
8671	1
8672	3
8673	4
8674	2
8675	1
8676	2
8677	2
8678	1
868	21
8680	3
8681	1
8682	3
8683	2
8684	1
8686	1
8688	1
8689	4
869	30
8690	2
8692	1
8693	1
8694	3
8695	2
8696	1
8697	3
8698	2
8699	4
87	155
870	31
87000	37
870000	17
8701	1
8702	3
8703	3
8704	2
8705	4
8706	1
8708	2
871	28
8710	1
8711	6
8712	1
8713	1
8714	1
8715	1
8716	2
8717	2
8718	1
8719	3
872	29
8720	4
8721	1
8722	1
8723	4
8724	4
8725	3
8726	1
8727	3
8728	2
8729	2
873	21
8731	1
8732	1
8733	1
8734	3
8735	2
8736	2
8737	2
8738	1
8739	3
874	25
8740	1
8741	2
8742	4
8743	4
8746	3
8747	3
8749	2
875	36
8751	1
8752	1
8753	1
8754	3
8755	3
8756	2
8757	1
8759	2
876	18
8760	3
8761	3
8762	3
8763	3
8765	1
8767	5
8768	2
877	30
8770	4
8771	2
8773	3
8774	2
8775	2
8777	1
8778	2
8779	2
878	27
8780	1
8781	2
8784	4
8785	2
8786	1
8788	1
8789	2
879	24
8791	2
8793	1
8794	2
8795	2
8796	1
8797	1
8798	2
8799	1
88	149
880	29
8800	1
88000	52
880000	15
8801	5
8802	1
8803	1
8804	3
8805	2
8806	2
8808	1
881	25
8813	2
8814	3
8815	1
8817	1
8818	2
8819	1
882	25
8821	3
8822	3
8823	1
8824	1
8826	4
8827	2
8829	3
883	20
8830	3
8831	4
8835	3
8836	4
8839	2
884	30
8840	1
8841	1
8842	1
8843	3
8844	3
8845	2
8846	3
8847	1
8848	3
885	19
8851	3
8853	1
8854	2
8855	2
8856	3
8857	4
8858	1
8859	2
886	32
8860	3
8861	1
8862	1
8863	1
8865	2
8866	2
8867	1
8868	1
8869	1
887	27
8870	4
8871	5
8872	3
8874	2
8875	2
8876	1
8877	2
8879	2
888	26
8880	2
8882	2
8883	2
8886	1
8888	1
889	26
8890	1
8891	2
8892	1
8893	1
8894	1
8896	3
8897	3
8899	2
89	142
890	22
8900	3
89000	45
890000	14
8901	2
8904	1
8905	1
8906	1
8907	3
8908	3
8909	1
891	27
8910	1
8911	2
8912	1
8913	1
8914	2
8915	1
8916	2
8918	1
8919	1
892	20
8920	2
8921	1
8922	1
8923	2
8924	1
8925	2
8926	3
8927	2
8928	2
8929	1
893	27
8930	2
8931	2
8932	1
8934	1
8935	1
8936	1
8937	2
8938	1
8939	1
894	29
8940	5
8942	2
8943	1
8944	2
8948	1
8949	2
895	29
8951	2
8952	1
8953	3
8954	4
8956	2
8957	1
8958	2
896	25
8960	1
8961	1
8962	4
8963	4
8964	2
8965	2
8966	1
8967	3
8968	1
8969	2
897	25
8970	1
8971	1
8972	1
8973	1
8977	2
8978	7
8979	1
898	28
8980	1
8981	1
8982	4
8983	2
8985	1
8987	1
8988	1
8989	1
899	26
8990	3
8991	1
8992	1
8993	4
8994	1
8995	1
8998	1
8999	3
9	909
90	127
900	23
9000	1
90000	36
900000	17
9001	4
9002	2
9003	1
9004	3
9005	2
9007	1
9008	3
9009	2
901	33
9011	1
9012	1
9013	1
9014	4
9015	5
9016	1
9017	2
9018	4
902	29
9020	3
9021	2
9022	4
9023	1
9024	2
9026	1
9028	2
903	35
9030	3
9031	3
9033	1
9034	2
9035	4
9036	1
9037	1
9038	1
9039	1
904	31
9040	3
9041	4
9042	1
9043	2
9044	4
9045	3
9046	1
9047	2
9048	1
9049	1
905	27
9051	1
9052	2
9053	3
9054	2
9055	3
9056	2
9057	4
9058	3
9059	1
906	33
9060	4
9062	1
9063	4
9064	2
9065	1
9066	3
9067	1
9068	5
9069	3
907	29
9070	5
9071	1
9072	7
9073	1
9074	2
9075	3
9076	1
9078	3
908	29
9080	1
9081	2
9082	1
9083	2
9085	2
9086	1
9088	2
9089	4
909	26
9090	1
9092	1
9093	7
9094	1
9095	1
9096	1
9097	1
9098	4
9099	4
91	141
910	34
91000	43
910000	10
9101	3
9102	1
9103	1
9104	2
9105	1
9107	2
9108	3
9109	1
911	24
9110	3
9111	3
9112	1
9113	3
9114	1
9115	1
9117	6
9118	1
912	35
9120	2
9121	1
9122	3
9124	1
9125	2
9126	1
9127	1
9128	3
913	24
9130	2
9131	1
9135	1
9137	1
9138	2
9139	1
914	19
9140	1
9141	2
9142	2
9143	2
9144	1
9145	2
9147	1
9148	5
9149	1
915	25
9150	2
9151	4
9152	2
9153	1
9154	1
9155	2
9156	1
9157	2
9159	2
916	38
9160	1
9164	2
9167	1
9168	3
917	21
9170	1
9171	4
9172	1
9173	1
9175	2
9176	2
9177	1
9178	1
9179	1
918	25
9180	1
9181	2
9182	4
9183	2
9184	1
9185	3
9186	3
9187	3
9188	3
9189	1
919	26
9190	1
9191	1
9192	2
9194	2
9195	1
9196	1
9197	5
9198	2
9199	2
92	125
920	25
9200	3
92000	38
920000	15
9202	2
9203	2
9204	3
9205	2
9208	4
9209	2
921	36
9211	1
9212	2
9214	5
9215	1
9216	2
9217	4
9218	4
9219	3
922	20
9222	2
9223	2
9224	1
9227	1
923	31
9230	2
9231	3
9232	2
9233	4
9234	1
9235	2
9237	2
9238	3
9239	3
924	22
9240	2
9241	1
9242	3
9243	2
9244	2
9245	1
9246	3
9247	1
9248	3
9249	1
925	31
9251	1
9252	1
9254	3
9255	1
9256	2
9257	1
9258	3
926	29
9260	3
9261	1
9262	2
9263	3
9264	4
927	25
9273	1
9274	2
9275	5
9276	2
9277	2
9278	3
9279	4
928	29
9280	2
9281	3
9282	2
9284	3
9285	2
9286	1
9287	1
9288	4
9289	1
929	16
9291	1
9292	1
9293	1
9294	1
9295	2
9297	1
9298	1
9299	2
93	163
930	30
9300	1
93000	32
930000	21
9301	2
9302	1
9303	2
9305	1
9306	1
9307	2
9308	2
931	29
9310	1
9311	3
9312	1
9313	2
9314	3
9316	1
9317	1
9318	1
9319	2
932	24
9320	3
9321	3
9324	2
9325	2
9326	3
9327	2
9329	3
933	25
9330	1
9332	2
9333	5
9334	1
9335	4
9336	1
9337	1
9339	3
934	24
9340	3
9341	5
9342	2
9344	1
9345	1
9346	1
9347	3
9349	1
935	30
9350	1
9351	1
9352	3
9353	3
9354	4
9355	3
9356	2
9357	2
9358	3
9359	2
936	24
9360	1
9361	1
9362	1
9363	1
9364	2
9365	1
9366	2
9367	2
9369	1
937	24
9370	1
9372	1
9373	2
9374	1
9375	3
9376	3
9377	4
9378	1
9379	1
938	29
9380	1
9381	2
9382	3
9383	2
9384	1
9386	4
9387	1
9388	1
9389	1
939	33
9390	4
9392	1
9393	1
9394	4
9395	1
9396	1
9397	2
9398	2
9399	1
94	149
940	29
9400	2
94000	27
940000	14
9401	2
9402	1
9403	2
9405	2
9406	2
9407	1
9408	4
941	16
9410	1
9411	2
9412	1
9413	2
9415	1
9416	4
9417	1
9418	3
9419	1
942	20
9421	2
9423	3
9427	2
9428	2
9429	5
943	27
9430	2
9432	3
9433	2
9434	2
9435	2
9436	2
9437	2
9438	2
9439	3
944	13
9441	2
9442	2
9443	1
9444	1
9445	1
9446	1
945	15
9450	2
9451	2
9452	2
9453	2
9455	1
9456	3
9457	1
9458	2
9459	1
946	25
9460	1
9461	2
9462	2
9464	4
9465	3
9466	3
9467	3
9468	1
947	21
9472	3
9473	1
9474	3
9476	2
9477	1
9479	1
948	25
9480	2
9481	1
9482	3
9483	3
9484	2
9485	1
9487	3
9489	1
949	26
9490	4
9491	1
9492	2
9493	1
9494	1
9495	1
9496	3
9497	2
9498	2
9499	1
95	161
950	29
9500	2
95000	45
950000	15
9501	1
9502	1
9504	3
9505	1
9507	4
951	23
9510	1
9511	3
9512	2
9514	2
9516	1
9517	3
9518	3
9519	2
952	17
9520	1
9521	2
9523	1
9524	1
9525	1
9526	3
9527	1
9528	3
953	22
9530	4
9533	1
9534	3
9535	2
9536	3
9537	1
9538	1
954	32
9540	3
9543	2
9545	2
9546	5
9547	1
9548	1
9549	1
955	25
9550	1
9551	2
9552	1
9554	1
9555	3
9556	1
9557	2
9558	2
9559	3
956	25
9560	2
9561	3
9562	1
9563	1
9565	2
9566	1
9567	2
9568	5
9569	1
957	19
9571	2
9572	1
9573	2
9575	1
9576	1
9577	2
9578	2
9579	1
958	19
9580	1
9581	1
9582	2
9583	1
9584	1
9585	4
9586	3
9587	2
9588	1
959	19
9592	2
9593	1
9594	1
9595	1
9596	1
9597	1
9599	1
96	128
960	27
9600	1
96000	25
960000	14
9601	2
9602	2
9603	1
9604	2
9605	3
9606	4
9607	1
961	29
9611	1
9612	1
9614	4
9616	2
9617	1
9618	1
9619	2
962	25
9622	2
9623	1
9624	1
9625	1
9626	2
9627	3
9628	1
963	21
9630	3
9631	2
9632	2
9634	3
9635	1
9636	1
9637	1
9639	1
964	27
9640	1
9642	1
9643	2
9645	1
9646	4
9647	2
9648	1
9649	4
965	22
9651	3
9652	1
9653	1
9654	2
9655	1
9656	1
9657	2
9658	2
9659	1
966	26
9661	1
9662	2
9663	2
9664	3
9665	2
9666	3
9669	1
967	28
9671	1
9672	2
9673	1
9675	2
9676	1
9677	2
9679	1
968	31
9682	2
9683	1
9684	1
9685	2
9686	2
9687	1
9688	3
9689	2
969	26
9690	1
9691	3
9694	3
9695	3
9696	3
9697	1
9698	3
9699	3
97	125
970	35
9700	2
97000	30
970000	14
9701	2
9702	4
9706	1
9707	2
9708	3
9709	1
971	28
9712	1
9713	1
9714	2
9715	1
9716	2
9717	1
9718	2
9719	2
972	26
9720	1
9721	2
9724	1
9725	1
9727	1
9728	3
9729	1
973	19
9730	5
9731	1
9732	2
9735	3
9736	2
9738	1
974	21
9740	2
9741	2
9742	1
9744	3
9745	3
9746	1
9747	1
9748	1
9749	1
975	18
9750	2
9752	2
9753	2
9754	2
9755	4
9756	2
9757	1
9758	1
976	30
9760	4
9763	1
9764	1
9765	1
9767	2
9768	1
977	18
9771	4
9772	3
9773	1
9774	3
9776	2
9777	2
9779	3
978	28
9780	2
9781	2
9782	3
9783	2
9784	2
9785	3
9786	1
9788	5
9789	5
979	28
9791	2
9792	1
9794	1
9795	5
9798	2
9799	2
98	144
980	28
9800	2
98000	36
980000	17
9801	3
9802	1
9804	2
9805	1
9808	1
9809	2
981	24
9811	3
9812	2
9814	2
9815	2
9816	1
9818	1
9819	1
982	32
9821	1
9822	2
9824	1
9825	3
9826	1
9827	2
983	32
9830	2
9832	2
9833	1
9834	3
9835	1
9836	2
9838	2
984	28
9841	2
9842	1
9843	2
9846	1
9847	3
9848	3
9849	2
985	21
9850	2
9851	1
9852	1
9853	2
9856	2
9857	3
9859	3
986	16
9861	1
9866	3
9867	1
9869	4
987	25
9870	2
9871	2
9872	2
9873	2
9877	1
9878	1
988	19
9881	1
9884	1
9885	1
9886	1
9887	3
9888	1
989	27
9890	2
9891	1
9893	2
9894	2
9895	1
9896	3
9897	2
9899	1
99	135
990	17
9900	2
99000	38
990000	15
9901	3
9902	2
9904	4
9905	2
9907	1
9908	1
9909	1
991	21
9910	3
9911	1
9912	2
9913	1
9915	4
9916	4
9917	2
9918	2
9919	2
992	33
9920	2
9921	2
9922	1
9923	2
9927	2
9928	1
9929	1
993	29
9930	1
9931	1
9933	2
9934	2
9936	4
9937	1
9938	2
9939	2
994	31
9940	1
9941	2
9944	1
9946	1
9947	1
9948	1
995	23
9950	1
9951	1
9952	2
9954	1
9955	1
9959	1
996	29
9960	2
9961	1
9962	1
9964	2
9965	2
9966	2
9968	1
9969	1
997	21
9971	1
9972	2
9973	1
9974	2
9976	1
9977	1
9979	1
998	23
9980	2
9981	1
9984	3
9985	1
9986	1
9987	4
9988	2
999	19
9990	1
9992	1
9993	1
9994	2
9996	1
9999	2