191
192
347
421
427
463
598
732
755
1004
1067
1086
1140
1155
1210
1330
1372
1541
1559
1606
1658
1712
1747
1832
1856
1906
1920
1945
1983
1989
2045
2053
2245
2384
2457
2490
2515
2516
2520
2552
2565
2602
2609
2735
2737
2985
3120
3353
3393
3406
3408
3423
3519
3649
3700
3783
3967
4055
4155
4199
4255
4315
4487
4558
4603
4604
4635
4851
4892
4939
4966
5002
5039
5068
5198
5534
5647
5680
5757
5768
5798
5850
5934
6045
6094
6111
6207
6302
6382
6403
6425
6632
6688
6696
6757
6805
6812
6840
6841
6844
6914
6919
6920
6930
6938
6960
6987
7033
7067
7126
7172
7188
7257
7324
7339
7349
7378
7406
7458
7533
7554
7563
7571
7574
7591
7595
7614
7697
7721
7789
7802
7847
7855
7890
7898
7908
7949
7964
7994
8045
8060
8085
8116
8143
8159
8329
8337
8340
8608
8822
8902
8939
8970
8987
9049
9055
9140
9256
9312
9390
9447
9468
9558
9581
9661
9724
9763
9818
9929
9950
9973
10031
10089
10195
10201
10272
10303
10307
10319
10395
10398
10432
10451
10583
10627
10638
10669
10746
10781
11011
11048
11208
11249
11264
11271
11384
11426
11445
11522
11523
11605
11631
11657
11709
11711
11727
11783
11807
11834
11841
11856
11925
11955
11965
11988
12145
12215
12259
12383
12386
12455
12468
12538
12575
12640
12673
12697
12762
12785
12792
12843
12893
12919
12926
12978
13009
13017
13090
13119
13122
13127
13178
13206
13230
13231
13240
13293
13348
13408
13426
13465
13469
13553
13669
13691
13724
13783
13836
13881
13915
13988
14030
14048
14128
14243
14284
14286
14296
14428
14430
14432
14447
14450
14463
14498
14532
14541
14555
14565
14611
14656
14661
14700
14717
14739
14741
14761
14774
14776
14795
14799
14829
14848
14859
14861
14864
14868
14886
14901
14918
14924
14933
14951
14953
14959
14960
14972
14991
15001
15003
15007
15010
15023
15041
15057
15100
15119
15135
15140
15141
15147
15156
15160
15182
15194
15198
15204
15216
15244
15245
15248
15288
15315
15318
15351
15369
15370
15383
15385
15426
15427
15441
15442
15446
15449
15482
15489
15490
15492
15509
15512
15513
15518
15521
15541
15560
15586
15590
15593
15608
15613
15619
15632
15639
15647
15649
15656
15657
15666
15668
15670
15673
15676
15684
15709
15740
15741
15768
15770
15771
15772
15773
15785
15793
15794
15799
15809
15816
15827
15830
15832
15841
15852
15864
15899
15902
15922
15931
15934
15949
15974
15997
16004
16011
16020
16025
16032
16038
16048
16049
16061
16066
16067
16081
16096
16103
16105
16110
16113
16120
16121
16126
16129
16139
16142
16168
16171
16174
16181
16197
16203
16209
16216
16218
16228
16231
16235
16243
16267
16275
16285
16307
16362
16364
16365
16369
16376
16378
16380
16392
16404
16410
16416
16418
16422
16423
16473
16475
16479
16490
16524
16531
16535
16577
16578
16582
16585
16589
16604
16608
16609
16614
16616
16617
16638
16639
16647
16652
16657
16659
16664
16665
16666
16670
16684
16692
16704
16708
16709
16737
16749
16781
16784
16827
16895
16933
16937
16945
16984
17006
17014
17023
17025
17030
17144
17162
17192
17227
17259
17389
17415
17427
17440
17573
17608
17640
17805
17825
17835
17937
17976
18022
18028
18045
18050
18054
18138
18219
18252
18256
18303
18558
18567
18593
18691
18839
18853
18892
18910
18915
18950
18980
19007
19062
19070
19073
19110
19258
19280
19298
19311
19359
19370
19386
19612
19741
19759
19781
19805
19825
19885
19988
20010
20044
20086
20331
20335
20404
20467
20609
20719
20772
20787
20813
20838
20851
20908
21000
21073
21172
21214
21445
21699
21940
21943
21962
21983
22091
22104
22218
22293
22323
22392
22415
22449
22566
22582
22648
22656
22681
22829
22837
22880
22925
22964
22999
23072
23076
23082
23099
23102
23226
23392
23452
23536
23546
23697
23756
23925
23957
24023
24113
24132
24135
24186
24187
24197
24221
24236
24242
24296
24309
24515
24539
24567
24569
24666
24667
24742
24833
25028
25062
25097
25169
25206
25261
25330
25340
25363
25416
25443
25446
25492
25613
25641
25651
25668
25737
25821
25861
25862
26127
26158
26180
26258
26365
26376
26385
26406
26409
26464
26735
26967
27334
27424
27466
27491
27507
27534
27557
27680
27698
27944
28040
28191
28265
28275
28322
28372
28428
28454
28470
28511
28532
28548
28764
28797
28798
28806
28853
28875
28882
28911
28912
28940
29002
29009
29068
29192
29203
29226
29258
29272
29434
29500
29525
29572
29616
29664
29910
29921
29923
29993
30120
30134
30141
30151
30233
30343
30365
30424
30497
30513
30589
30621
30690
30717
30724
30789
30799
30812
30910
30931
30967
30989
31025
31042
31117
31310
31452
31455
31545
31652
31956
32051
32066
32099
32140
32146
32149
32173
32193
32303
32329
32400
32408
32571
32597
32613
32619
32642
32735
32765
32787
32807
32885
32929
33053
33060
33195
33442
33532
33554
33631
33797
33801
33807
33830
33839
33904
33915
34263
34276
34526
34767
34853
34899
34991
35014
35015
35025
35158
35207
35372
35518
35549
35810
35866
35895
35932
36070
36143
36146
36215
36392
36469
36732
36959
36967
37082
37102
37112
37132
37137
37179
37180
37233
37303
37305
37387
37415
37420
37422
37457
37586
37615
37672
37713
37715
37731
37850
37854
37864
37892
37899
37922
37925
37973
37980
38017
38031
38040
38057
38061
38097
38110
38153
38173
38262
38283
38298
38340
38363
38364
38436
38459
38485
38499
38517
38568
38586
38598
38611
38630
38636
38678
38702
38718
38756
38815
38846
38914
38973
39047
39072
39085
39098
39106
39212
39231
39234
39253
39341
39363
39400
39441
39490
39498
39538
39603
39622
39663
39702
39734
39741
39744
39894
39910
39967
39977
40008
40117
40131
40225
40300
40317
40430
40499
40542
40621
40700
40706
40762
40774
40859
40874
40900
40919
40952
40973
40993
41003
41032
41098
41120
41170
41236
41254
41331
41404
41664
41699
41717
41718
41817
41829
41836
41931
41947
42045
42049
42176
42321
42434
42491
42499
42538
42682
42733
42830
42924
43092
43096
43097
43135
43231
43295
43298
43308
43384
43605
43643
43663
43744
43786
43817
43920
43944
43958
44015
44056
44060
44130
44240
44319
44374
44412
44474
44535
44614
44730
44734
44766
44809
44860
44941
44960
44997
45077
45143
45255
45306
45358
45364
45504
45547
45556
45717
45805
45832
45839
46053
46059
46092
46142
46164
46229
46287
46522
46531
46579
46659
46675
46733
46794
46963
47071
47182
47248
47410
47451
47551
47619
47655
47684
47688
47718
47791
47796
47803
47845
47867
47981
48022
48026
48086
48111
48113
48130
48286
48290
48426
48436
48475
48490
48544
48556
48570
48736
48770
48894
48895
48912
48928
48943
49032
49035
49103
49186
49194
49210
49230
49240
49272
49294
49308
49317
49328
49527
49681
49719
49747
49824
50082
50109
50181
50199
50248
50286
50287
50292
50335
50369
50377
50423
50430
50436
50438
50439
50451
50456
50466
50485
50493
50495
50497
50504
50512
50524
50529
50539
50546
50547
50554
50565
50567
50578
50583
50590
50593
50594
50606
50611
50618
50641
50650
50667
50684
50691
50699
50701
50706
50712
50714
50718
50723
50739
50740
50745
50750
50757
50770
50803
50805
50807
50808
50812
50822
50826
50827
50848
50849
50859
50863
50876
50884
50886
50890
50894
50920
50921
50929
50956
50981
50991
50992
51013
51020
51023
51042
51060
51061
51064
51071
51074
51122
51124
51127
51141
51142
51155
51159
51177
51178
51188
51195
51201
51202
51209
51211
51212
51217
51232
51234
51241
51249
51261
51267
51275
51283
51291
51302
51330
51372
51393
51405
51564
51575
51615
51635
51722
52039
52127
52153
52298
52424
52689
52801
52933
53224
53251
53290
53317
53361
53400
53455
53678
53833
53849
53869
54020
54024
54116
54162
54245
54256
54280
54281
54344
54360
54455
54491
54492
54513
54526
54676
54726
54727
54795
54846
54929
54959
54989
54998
55020
55034
55085
55161
55346
55362
55390
55431
55440
55456
55488
55607
55623
55813
55921
55934
55984
56020
56045
56089
56101
56208
56304
56385
56399
56473
56490
56533
56677
56697
56773
56800
56810
56858
56873
56875
56972
56985
57015
57050
57086
57122
57124
57128
57192
57237
57319
57335
57377
57460
57520
57526
57553
57569
57701
57972
58091
58177
58200
58293
58307
58321
58353
58359
58387
58400
58429
58433
58447
58466
58575
58584
58626
58679
58687
58727
58827
58883
58934
59058
59254
59356
59403
59559
59568
59580
59734
59788
59955
60067
60211
60222
60435
60493
60537
60670
60812
60863
60868
60900
61058
61060
61311
61355
61367
61371
61374
61376
61398
61485
61529
61615
61619
61629
61658
61808
61819
61878
61958
61975
62155
62212
62217
62392
62477
62528
62543
62713
62721
62825
62854
63066
63274
63281
63295
63328
63342
63574
63708
63937
63971
63984
63999
64062
64112
64504
64661
64677
64783
64793
64798
64874
64875
64959
65007
65010
65128
65176
65232
65233
65263
65326
65444
65482
65489
65492
65508
65565
65569
65624
65673
65797
65800
65839
65869
65880
65954
65979
66076
66127
66136
66174
66202
66298
66373
66374
66457
66525
66549
66558
66591
66682
66843
66867
66872
66962
67187
67214
67340
67417
67426
67454
67492
67493
67510
67515
67876
68151
68171
68227
68259
68347
68348
68365
68431
68450
68479
68539
68604
68685
68749
68816
68887
68970
69039
69091
69436
69579
69594
69653
69797
69851
69970
70027
70031
70070
70123
70154
70165
70180
70229
70232
70240
70316
70340
70391
70609
70617
70687
70743
70744
70798
70943
71026
71035
71167
71248
71334
71363
71397
71442
71452
71479
71528
71579
71609
71808
71940
72119
72130
72240
72260
72290
72307
72309
72339
72473
72480
72521
72640
72666
72715
72735
72836
72878
72883
72894
72933
72965
72980
73015
73025
73030
73035
73061
73092
73103
73132
73137
73149
73162
73163
73181
73192
73205
73219
73223
73224
73231
73237
73244
73250
73254
73257
73260
73278
73286
73289
73296
73300
73316
73333
73354
73373
73381
73410
73453
73520
73539
73554
73556
73571
73606
73616
73626
73634
73650
73656
73678
73686
73696
73710
73712
73719
73725
73728
73805
73915
73920
73922
73991
74015
74019
74025
74028
74041
74056
74064
74071
74080
74084
74099
74103
74116
74125
74153
74157
74164
74167
74169
74176
74179
74205
74208
74209
74212
74223
74226
74228
74240
74246
74258
74265
74268
74274
74282
74290
74293
74296
74300
74304
74314
74320
74323
74324
74326
74332
74342
74358
74362
74364
74366
74367
74380
74384
74404
74405
74410
74435
74439
74448
74453
74456
74474
74488
74490
74491
74493
74507
74509
74510
74514
74517
74528
74533
74534
74538
74539
74542
74585
74595
74603
74639
74643
74671
74677
74682
74690
74699
74703
74710
74717
74731
74752
74763
74765
74768
74787
74791
74797
74798
74802
74803
74804
74816
74818
74826
74828
74829
74832
74845
74848
74857
74865
74867
74879
74884
74903
74906
74919
74928
74953
74965
74971
74975
74991
74992
74997
75018
75024
75028
75029
75033
75034
75037
75066
75092
75094
75100
75101
75114
75146
75155
75168
75231
75270
75298
75315
75316
75327
75328
75341
75347
75348
75384
75420
75425
75430
75485
75502
75536
75568
75570
75592
75615
75637
75652
75677
75683
75717
75795
75800
75833
75874
75875
75893
75932
75938
75951
75956
75964
75967
76014
76015
76016
76019
76029
76031
76039
76056
76075
76081
76155
76190
76492
76596
76625
76676
76739
76746
76777
76782
76784
76786
76812
76840
76849
76924
76936
76974
76988
77047
77075
77176
77204
77205
77209
77229
77310
77390
77403
77406
77407
77480
77496
77545
77664
77732
77738
77749
77777
77843
77847
77883
77892
77926
77936
77961
78003
78065
78161
78230
78266
78341
78403
78434
78586
78633
78704
78725
78763
78791
78810
78827
78872
79032
79129
79190
79217
79240
79242
79255
79301
79339
79383
79564
79602
79825
79956
79966
80146
80154
80261
80262
80292
80554
80607
80705
80780
80790
80824
80986
80990
81066
81088
81245
81416
81471
81489
81581
81630
81669
81685
81758
81839
81866
82005
82030
82087
82091
82096
82191
82218
82235
82257
82299
82435
82474
82525
82623
82645
82684
82695
82714
82720
82746
82768
82783
82971
82988
82996
83087
83118
83298
83377
83485
83517
83559
83595
83633
83668
83677
83741
83922
83934
84036
84216
84222
84232
84263
84307
84345
84368
84439
84592
84913
84919
84920
84928
84957
85052
85157
85284
85483
85501
85646
85718
85749
85868
86083
86183
86187
86343
86448
86477
86490
86713
86779
86895
86943
86976
87011
87032
87115
87197
87222
87441
87446
87455
87489
87528
87561
87676
87688
87693
87734
87791
87845
87904
87969
87987
87991
88041
88042
88071
88078
88116
88199
88203
88265
88313
88322
88385
88422
88431
88546
88622
88677
88713
88732
88900
89045
89120
89220
89328
89359
89368
89442
89495
89776
89804
89870
89933
90144
90163
90184
90244
90316
90334
90354
90372
90379
90424
90428
90488
90557
90628
90686
90694
90703
90952
90997
91162
91175
91209
91428
91476
91480
91489
91665
91702
91897
91916
91984
92078
92164
92173
92220
92339
92356
92491
92492
92692
92890
92892
92904
93022
93101
93108
93155
93422
93439
93483
93606
93719
93730
93742
93786
93850
93900
93916
93938
94012
94132
94251
94363
94496
94527
94567
94847
94967
94991
95007
95111
95126
95157
95275
95542
95585
95607
95639
95691
95714
95992
96015
96026
96045
96103
96209
96347
96409
96564
96613
96774
96836
97033
97062
97138
97151
97161
97190
97346
97369
97447
97477
97481
97527
97573
97786
97846
97981
98065
98089
98101
98136
98177
98260
98377
98517
98580
98704
98715
98732
98763
98781
98878
98883
99000
99001
99111
99327
99339
99370
99437
99469
99471
99476
99493
99494
99498
99625
99682
99727
99751
99885
99886
99892
99918
99977
100054
100181
100206
100250
100329
100382
100457
101066
101147
101172
101252
101256
101261
101346
101630
101632
101663
101691
101712
101761
101845
102003
102100
102103
102160
102736
102757
102759
102764
102917
102980
103065
103066
103283
103297
103473
103518
103538
103563
103596
103603
103718
103733
103794
103806
103887
103900
103949
103951
104040
104125
104138
104144
104269
104270
104272
104294
104376
104475
104622
104788
104922
104935
104946
105072
105118
105156
105293
105519
105529
105568
105599
105818
105857
105884
105889
106007
106028
106057
106077
106230
106231
106236
106280
106281
106307
106360
106468
106510
106553
106595
106631
106877
106945
107015
107034
107083
107147
107190
107293
107376
107407
107499
107559
107583
107654
107675
107677
107722
107748
107938
107947
107982
108030
108164
108367
108433
108458
108549
108596
108619
108642
108901
108907
108914
108918
109014
109028
109030
109041
109115
109191
109206
109254
109301
109345
109376
109479
109498
109653
109855
109863
109941
109959
109988
110092
110098
110104
110184
110201
110207
110227
110254
110261
110263
110271
110293
110366
110369
110485
110561
110748
110843
110878
110901
110904
111032
111037
111053
111066
111085
111102
111130
111139
111180
111267
111309
111330
111374
111425
111509
111521
111537
111600
111654
111675
111695
111748
111851
111864
112026
112053
112082
112234
112272
112319
112338
112443
112494
112499
112579
112664
112674
112686
112778
112862
112890
112904
112914
112929
112946
112973
112992
113006
113019
113032
113100
113126
113144
113172
113289
113314
113415
113452
113460
113482
113519
113561
113607
113631
113702
113707
113801
113835
113848
113859
113878
113993
113994
114020
114022
114097
114099
114173
114187
114397
114441
114463
114536
114552
114580
114595
114654
114666
114712
114831
114844
114874
115084
115117
115226
115228
115454
115567
115578
115768
115796
115864
115871
115881
115887
115939
115994
116007
116112
116242
116243
116245
116249
116278
116290
116315
116319
116349
116424
116521
116570
116625
116636
116738
116840
116876
116880
116971
116997
117019
117139
117164
117178
117188
117271
117403
117413
117512
117553
117659
117693
117705
117713
117780
117806
117849
117885
117909
117924
118032
118100
118156
118204
118279
118314
118382
118471
118732
118938
119149
119361
119417
119609
119637
119773
119835
119889
119955
119964
119970
120151
120171
120261
120265
120313
120350
120466
120543
120572
120666
120717
121047
121051
121053
121078
121140
121144
121199
121276
121350
121439
121482
121548
121654
121716
121894
121963
121998
122051
122105
122136
122159
122269
122374
122620
122827
122899
122952
123195
123203
123387
123615
123688
123743
123861
123899
123983
123984
124019
124138
124208
124283
124292
124330
124353
124355
124498
124525
124537
124616
124723
125084
125560
125573
125825
125843
126002
126003
126082
126276
126286
126573
126598
126674
126745
126792
126830
126859
126868
126942
126977
127081
127141
127151
127153
127163
127208
127300
127324
127330
127433
127454
127526
127543
127566
127570
127576
127580
127608
127615
127630
127642
127665
127731
127836
127837
127880
127946
128039
128083
128219
128237
128464
128468
128487
128618
128630
128632
128685
128724
128725
128754
128795
128815
128876
128946
128964
129000
129047
129161
129171
129285
129323
129379
129405
129472
129511
129615
129636
129773
129816
129822
129975
130082
130087
130094
130382
130438
130457
130532
130775
130865
131013
131018
131180
131207
131213
131330
131392
131422
131654
132021
132107
132577
132595
132663
132670
132673
132697
132894
133003
133129
133140
133149
133176
133327
133344
133354
133515
133560
133712
133934
133962
133981
133995
134029
134059
134078
134130
134180
134248
134282
134286
134295
134316
134396
134424
134447
134588
134662
134673
134736
134760
134807
134854
134868
134905
134908
134921
135025
135054
135252
135260
135310
135386
135388
135412
135457
135458
135493
135502
135508
135517
135521
135547
135558
135645
135646
135667
135682
135711
135718
135726
135791
135846
135869
135895
136082
136096
136133
136183
136231
136256
136260
136280
136282
136287
136321
136325
136347
136367
136369
136452
136459
136587
136658
136689
136713
136726
136733
136796
136837
136906
136907
136934
137166
137358
137408
137463
137577
137595
137612
137798
138169
138191
138234
138260
138289
138300
138323
138521
138549
138615
138619
138724
138740
138770
138894
139108
139159
139230
139274
139288
139309
139365
139586
139667
139753
139768
139864
139941
140071
140103
140129
140230
140269
140272
140332
140350
140375
140497
140508
140541
140789
140933
140935
140980
141120
141150
141171
141216
141251
141368
141369
141544
141559
141590
141591
141610
141660
141729
141828
141902
142154
142207
142227
142234
142375
142461
142592
142601
142688
142901
142907
142929
142961
142977
142978
143023
143036
143041
143059
143077
143106
143124
143169
143195
143213
143221
143354
143381
143537
143695
143698
143699
143807
143883
143884
143939
143965
143986
143998
144006
144016
144024
144051
144095
144232
144410
144481
144683
144695
144705
144733
144740
144771
144832
144970
144971
145140
145235
145282
145298
145359
145477
145504
145598
145635
145655
145676
145757
145790
145809
145902
146010
146021
146103
146167
146233
146261
146262
146366
146445
146496
146546
146585
146651
146755
146797
146857
146894
146909
146912
146996
147026
147127
147269
147424
147433
147497
147663
147737
147752
147782
147845
148098
148298
148395
148410
148546
148673
148686
148697
148798
148979
149012
149134
149351
149362
149412
149428
149514
149566
149591
149619
149719
149740
149764
149790
149842
149871
149954
150060
150236
150395
150404
150534
150554
150563
150684
150689
150700
150764
150784
150812
150859
150865
150954
151002
151141
151340
151341
151389
151463
151504
151678
151740
151839
151903
151991
152029
152159
152236
152245
152529
152571
152684
152730
152746
152851
152884
152919
152927
153023
153027
153032
153089
153157
153162
153171
153175
153197
153212
153306
153333
153423
153443
153571
153583
153606
153638
153673
153699
154163
154171
154204
154232
154477
154609
154654
154675
154742
154948
154993
155135