266 : 823
248 266 : 823
59 248 266 : 823
59 266 : 823
248 : 1195
59 248 : 1195
213 : 875
173 : 1025
134 : 848
2 134 : 848
133 : 798
2 133 : 798
123 : 874
16 123 : 874
14 16 123 : 874
14 123 : 874
121 : 2515
2 121 : 2515
113 : 1150
7 113 : 1150
105 : 1497
103 105 : 870
103 : 870
98 : 1138
85 98 : 1138
33 85 98 : 1138
33 98 : 1138
91 : 1629
2 91 : 1629
85 : 3078
33 85 : 3078
83 : 1667
44 83 : 1667
80 : 1442
54 80 : 1442
76 : 1431
74 76 : 1431
31 74 76 : 1431
31 76 : 1431
74 : 2495
31 74 : 1471
71 : 1115
7 71 : 1115
66 : 1002
2 66 : 1002
64 : 2271
59 : 5121
58 59 : 1694
58 : 1694
57 : 2091
44 57 : 2091
56 : 1018
7 56 : 1018
54 : 3103
44 : 6583
42 : 2657
6 42 : 771
2 6 42 : 771
2 42 : 2657
41 : 1774
9 41 : 774
2 9 41 : 774
2 41 : 1774
39 : 1716
19 39 : 1716
35 : 1586
33 35 : 1586
33 : 11233
31 : 2975
24 : 1424
7 24 : 1424
19 : 4208
17 : 1593
2 17 : 1593
16 : 5088
15 16 : 818
14 15 16 : 818
14 16 : 4328
2 14 16 : 2423
2 16 : 2533
15 : 818
14 15 : 818
14 : 4328
2 14 : 2423
12 : 1424
11 12 : 1424
11 : 4785
9 : 2851
2 9 : 2851
8 : 2199
7 8 : 2199
7 : 9250
2 7 : 2101
6 : 1848
2 6 : 1848
4 : 3468
3 : 2364
2 3 : 2364
2 : 25071
1 2 : 2416
0 2 : 1369
1 : 2416
0 : 1369