2 : 25071
33 : 11233
7 : 9250
2 7 : 2101
44 : 6583
59 : 5121
16 : 5088
2 16 : 2533
11 : 4785
14 : 4328
16 14 : 4328
2 14 : 2423
16 2 14 : 2423
19 : 4208
4 : 3468
54 : 3103
85 : 3078
33 85 : 3078
31 : 2975
9 : 2851
2 9 : 2851
42 : 2657
2 42 : 2657
121 : 2515
2 121 : 2515
74 : 2495
31 74 : 1471
1 : 2416
2 1 : 2416
3 : 2364
2 3 : 2364
64 : 2271
8 : 2199
7 8 : 2199
57 : 2091
44 57 : 2091
6 : 1848
2 6 : 1848
42 6 : 771
2 42 6 : 771
41 : 1774
2 41 : 1774
9 41 : 774
2 9 41 : 774
39 : 1716
19 39 : 1716
58 : 1694
59 58 : 1694
83 : 1667
44 83 : 1667
91 : 1629
2 91 : 1629
17 : 1593
2 17 : 1593
35 : 1586
33 35 : 1586
105 : 1497
80 : 1442
54 80 : 1442
76 : 1431
31 76 : 1431
74 76 : 1431
31 74 76 : 1431
24 : 1424
7 24 : 1424
12 : 1424
11 12 : 1424
0 : 1369
2 0 : 1369
248 : 1195
59 248 : 1195
113 : 1150
7 113 : 1150
98 : 1138
85 98 : 1138
33 98 : 1138
85 33 98 : 1138
71 : 1115
7 71 : 1115
173 : 1025
56 : 1018
7 56 : 1018
66 : 1002
2 66 : 1002
213 : 875
123 : 874
14 123 : 874
16 123 : 874
14 16 123 : 874
103 : 870
105 103 : 870
134 : 848
2 134 : 848
266 : 823
248 266 : 823
59 266 : 823
248 59 266 : 823
15 : 818
14 15 : 818
16 15 : 818
14 16 15 : 818
133 : 798
2 133 : 798